<?xml version="1.0" encoding="UTF-8" standalone="no"?>
<!DOCTYPE svg PUBLIC "-//W3C//DTD SVG 1.1//EN" "http://www.w3.org/Graphics/SVG/1.1/DTD/svg11.dtd">
<svg xmlns="http://www.w3.org/2000/svg" version="1.1" viewBox="0.00 0.00 1024.00 1024.00" width="1024.00" height="1024.00">
<g stroke-width="0.70" fill="none" stroke-linecap="butt">
<path stroke="#878787" vector-effect="non-scaling-stroke" d="
  M 654.09 316.07
  Q 674.21 319.75 689.35 323.50
  C 694.30 324.73 695.55 321.98 695.63 317.77
  Q 695.72 313.10 695.75 313.04
  A 0.23 0.23 0.0 0 1 696.16 313.03
  L 702.03 324.76
  A 3.99 3.98 -9.1 0 0 705.02 326.92
  L 729.81 330.63
  A 2.26 2.25 -76.4 0 0 732.29 329.11
  C 733.22 326.52 731.62 319.05 730.89 316.08
  A 0.33 0.33 0.0 0 1 731.49 315.84
  L 738.83 328.54
  A 3.43 3.42 -10.5 0 0 741.29 330.23
  Q 760.24 333.21 818.06 342.19
  C 821.08 342.66 824.59 342.98 824.90 339.18
  Q 825.07 337.08 824.39 335.42
  Q 816.99 317.37 805.21 301.51
  Q 795.83 288.90 782.43 276.93
  Q 770.74 266.51 755.24 257.36
  C 713.25 232.59 660.62 224.06 613.09 237.67
  A 0.29 0.28 -69.8 0 1 612.86 237.16
  Q 623.52 229.91 638.16 220.17
  Q 639.48 219.29 641.35 217.69
  Q 642.44 216.77 642.04 216.07
  Q 641.54 215.19 640.57 214.56
  A 0.43 0.43 0.0 0 1 640.93 213.79
  Q 643.18 214.48 645.70 214.34
  A 2.72 2.71 27.9 0 0 646.91 213.97
  Q 659.17 206.67 666.20 202.49
  Q 699.78 182.57 731.54 166.56
  Q 735.94 164.34 733.36 160.24
  A 2.81 2.75 89.1 0 0 732.49 159.38
  Q 725.17 154.82 716.76 151.54
  Q 682.96 138.35 645.73 141.46
  C 599.78 145.29 549.72 165.59 523.28 204.78
  Q 515.39 216.47 509.39 230.68
  A 0.34 0.33 43.9 0 1 508.78 230.69
  C 506.48 225.99 504.21 220.53 501.89 216.71
  Q 489.69 196.57 474.81 184.47
  Q 459.97 172.40 444.92 165.63
  C 409.99 149.90 371.75 145.42 334.50 154.19
  Q 319.09 157.83 304.21 165.68
  Q 301.83 166.93 301.29 168.95
  C 300.55 171.67 302.65 173.27 304.96 174.54
  Q 337.77 192.58 370.96 213.19
  Q 381.88 219.98 391.23 226.81
  Q 396.43 230.61 411.11 241.02
  A 0.28 0.28 0.0 0 1 410.89 241.53
  C 404.69 240.27 398.64 238.56 392.74 237.56
  Q 348.88 230.12 306.76 243.04
  Q 255.12 258.88 220.82 300.53
  Q 208.83 315.09 202.14 330.09
  C 200.57 333.62 202.46 336.84 206.29 336.49
  Q 220.60 335.19 233.48 333.66
  Q 260.60 330.42 299.59 325.69
  Q 302.95 325.28 304.53 322.54
  Q 306.90 318.42 310.07 313.33
  A 0.31 0.31 0.0 0 1 310.63 313.58
  Q 309.33 318.34 308.64 322.71
  Q 308.03 326.62 311.42 327.34
  A 4.67 4.52 -39.6 0 0 312.70 327.44
  L 347.83 325.29
  A 0.26 0.26 0.0 0 1 348.04 325.72
  L 347.50 326.31
  A 0.09 0.03 -16.8 0 1 347.47 326.33
  Q 339.55 331.09 334.00 335.75
  C 329.62 339.42 322.42 345.33 317.55 350.67
  C 291.55 379.18 276.11 414.75 272.30 453.26
  Q 271.50 461.29 271.80 468.41
  A 2.37 2.29 -60.9 0 0 272.07 469.42
  C 273.82 472.78 276.93 471.80 279.90 470.18
  Q 282.11 468.97 288.54 465.26
  Q 306.31 454.98 339.06 435.45
  A 1.38 1.37 82.9 0 0 339.69 434.63
  L 344.73 417.01
  A 0.29 0.29 0.0 0 1 345.30 417.06
  Q 345.99 422.94 346.60 426.42
  Q 346.99 428.69 348.21 430.01
  A 1.91 1.90 55.1 0 0 350.47 430.42
  Q 369.43 420.81 383.78 412.89
  Q 385.73 411.81 385.67 409.03
  Q 385.53 401.76 385.29 393.64
  A 0.34 0.34 0.0 0 1 385.93 393.49
  C 387.69 397.20 390.40 404.01 393.36 405.69
  A 2.17 2.15 42.5 0 0 395.65 405.60
  L 413.95 393.01
  A 0.29 0.29 0.0 0 1 414.36 393.40
  C 412.54 396.33 412.01 398.50 410.72 402.88
  C 404.90 422.60 404.21 443.56 409.86 463.15
  Q 410.61 465.78 411.59 467.12
  A 0.66 0.65 46.9 0 0 412.63 467.16
  L 442.75 431.10
  A 2.11 2.10 -25.0 0 0 443.25 429.74
  C 443.40 423.85 443.03 414.68 445.03 407.46
  A 0.79 0.79 0.0 0 1 446.54 407.41
  L 451.98 423.02
  A 0.60 0.60 0.0 0 0 453.02 423.18
  L 480.13 386.99
  A 0.23 0.23 0.0 0 1 480.55 387.16
  Q 478.36 402.28 475.44 428.87
  Q 469.18 485.87 464.36 554.52
  C 460.03 616.21 455.93 670.56 452.94 729.25
  C 450.64 774.32 449.58 821.58 451.50 867.57
  A 0.71 0.70 84.1 0 1 450.91 868.30
  Q 446.22 869.09 442.91 871.15
  C 439.61 873.21 437.87 877.46 442.32 879.49
  Q 444.20 880.35 446.75 880.34
  Q 450.20 880.33 569.76 880.35
  C 572.23 880.35 580.19 879.57 580.09 875.79
  C 579.96 870.71 567.30 868.57 563.17 867.94
  A 1.55 1.55 0.0 0 1 561.88 866.72
  Q 559.88 856.97 555.77 830.72
  Q 553.23 814.50 550.80 794.68
  Q 546.39 758.78 545.28 749.25
  C 539.45 698.74 535.44 643.21 531.87 578.83
  C 530.97 562.70 530.53 542.34 530.16 531.51
  C 528.72 490.11 529.56 448.70 531.59 406.77
  A 0.45 0.44 85.8 0 1 531.94 406.36
  Q 540.22 404.54 547.56 400.06
  A 0.63 0.62 56.3 0 1 548.39 400.23
  Q 553.00 406.59 558.15 414.17
  C 562.58 420.70 565.01 423.59 570.09 430.19
  A 0.61 0.61 0.0 0 0 571.11 430.09
  L 578.72 414.84
  A 0.73 0.73 0.0 0 1 580.08 415.00
  C 581.74 422.52 580.68 429.83 579.79 438.08
  A 2.80 2.76 29.4 0 0 580.36 440.08
  L 605.32 472.66
  A 0.73 0.73 0.0 0 0 606.57 472.50
  C 617.88 446.38 616.09 415.96 605.24 389.95
  Q 603.87 386.66 601.63 383.36
  A 0.29 0.29 0.0 0 1 602.06 382.97
  L 629.35 406.53
  A 0.36 0.36 0.0 0 0 629.56 406.62
  Q 631.20 406.76 632.06 405.04
  Q 635.46 398.21 637.99 391.23
  A 0.24 0.23 -35.8 0 1 638.45 391.30
  Q 638.61 398.07 638.83 407.56
  C 638.92 411.33 638.52 413.24 641.52 415.00
  Q 679.07 436.90 739.02 472.23
  C 742.22 474.12 745.33 473.26 746.09 469.62
  Q 746.25 468.82 746.21 465.77
  C 745.83 438.19 738.12 411.49 725.44 387.55
  Q 708.25 355.09 678.69 332.08
  Q 667.81 323.61 655.22 317.54
  Q 654.47 317.18 653.85 316.49
  A 0.26 0.25 -15.8 0 1 654.09 316.07"
/>
<path stroke="#1c4d0a" vector-effect="non-scaling-stroke" d="
  M 507.72 296.27
  Q 507.09 297.20 507.58 298.70
  A 0.42 0.42 0.0 0 0 508.19 298.93
  Q 513.86 295.44 519.21 291.51
  C 537.47 278.09 554.91 266.71 569.25 255.87
  Q 572.46 253.45 579.05 248.99
  Q 584.02 245.64 593.78 238.74
  Q 613.54 224.78 619.49 221.00
  Q 625.50 217.18 630.03 213.82
  A 0.98 0.98 0.0 0 0 629.99 212.21
  Q 625.05 208.93 614.06 201.93
  Q 611.10 200.05 609.02 197.75
  A 2.60 2.54 -48.9 0 1 608.84 194.57
  C 609.92 193.00 612.79 193.77 614.40 194.38
  Q 623.59 197.85 635.34 203.67
  Q 637.58 204.77 640.26 205.80
  A 2.38 2.38 0.0 0 0 642.36 205.60
  Q 677.93 183.82 714.80 164.54
  Q 715.69 164.08 716.59 163.33
  A 0.60 0.59 -47.0 0 0 716.56 162.38
  Q 714.20 160.72 713.91 161.15"
/>
<path stroke="#4c720a" vector-effect="non-scaling-stroke" d="
  M 713.91 161.15
  Q 696.79 153.96 677.00 151.80
  C 651.60 149.02 627.15 152.17 602.47 159.74
  Q 591.04 163.25 577.50 169.98
  Q 549.88 183.72 532.56 206.51
  C 524.04 217.72 517.48 232.29 513.83 245.31
  Q 509.19 261.88 507.62 280.52
  Q 506.98 288.13 507.72 296.27"
/>
<path stroke="#59af05" vector-effect="non-scaling-stroke" d="
  M 713.91 161.15
  Q 697.68 160.82 682.23 161.52
  Q 674.28 161.88 667.34 162.88
  Q 654.16 164.78 652.53 165.07
  Q 629.13 169.14 607.80 178.19
  C 602.66 180.36 597.99 182.95 593.13 185.38
  C 571.25 196.34 551.98 214.17 537.72 234.43
  Q 525.66 251.57 517.66 270.16
  Q 513.51 279.80 507.72 296.27"
/>
<path stroke="#1c4d0a" vector-effect="non-scaling-stroke" d="
  M 320.43 168.90
  Q 319.40 169.32 318.84 170.01
  A 0.59 0.59 0.0 0 0 318.87 170.80
  Q 319.92 171.93 321.29 172.71
  Q 352.30 190.54 383.11 209.18
  A 3.02 3.01 48.6 0 0 385.90 209.36
  C 393.75 205.87 403.64 201.04 412.76 198.86
  Q 415.96 198.10 416.55 200.68
  C 417.05 202.88 413.32 205.41 411.74 206.48
  Q 405.69 210.55 396.23 216.89
  A 0.92 0.91 -42.3 0 0 396.16 218.36
  Q 398.45 220.25 399.82 221.20
  C 418.76 234.26 441.62 250.94 462.66 265.77
  Q 480.26 278.18 496.91 291.78
  A 0.23 0.22 20.1 0 0 497.28 291.61
  Q 497.43 277.66 499.77 265.26"
/>
<path stroke="#4c720a" vector-effect="non-scaling-stroke" d="
  M 499.77 265.26
  L 504.33 247.10
  A 3.74 3.70 -47.5 0 0 504.25 245.03
  Q 498.10 226.63 486.29 210.53
  C 474.64 194.65 459.37 182.70 441.89 174.40
  Q 432.59 169.99 426.11 167.91
  Q 386.83 155.32 345.88 161.93
  Q 332.81 164.04 320.43 168.90"
/>
<path stroke="#59af05" vector-effect="non-scaling-stroke" d="
  M 499.77 265.26
  Q 498.43 262.90 494.25 254.00
  Q 484.15 232.46 466.59 214.44
  C 454.59 202.14 439.55 191.87 424.41 185.62
  Q 390.97 171.82 351.13 169.48
  C 342.66 168.98 334.10 169.44 325.55 168.74
  A 3.78 3.51 40.8 0 0 324.74 168.77
  Q 322.63 169.10 320.43 168.90"
/>
<path stroke="#1c4d0a" vector-effect="non-scaling-stroke" d="
  M 541.06 287.89
  Q 539.51 288.51 538.23 290.39
  A 0.47 0.47 0.0 0 0 538.53 291.12
  Q 541.46 291.74 543.46 291.83
  Q 570.63 292.99 596.05 296.47
  Q 639.13 302.36 684.50 312.77
  Q 685.59 313.02 687.54 313.29
  A 0.49 0.48 6.8 0 0 688.09 312.86
  L 690.18 292.11
  A 1.60 1.59 5.3 0 1 691.90 290.69
  Q 691.96 290.69 692.32 290.81
  A 1.85 1.78 -11.2 0 1 693.10 291.31
  Q 695.24 293.67 696.83 296.70
  Q 704.79 311.82 706.44 315.30
  Q 707.53 317.58 708.83 317.84
  Q 712.77 318.64 722.34 320.23
  A 0.69 0.68 -89.1 0 0 723.13 319.46
  Q 721.86 309.78 720.24 300.00
  Q 719.69 296.69 720.18 293.09
  A 2.36 2.20 -89.1 0 1 722.12 291.07
  Q 723.06 290.97 724.19 292.09
  Q 726.33 294.21 727.51 295.97
  Q 732.26 303.02 743.50 320.00
  A 3.35 3.33 -12.1 0 0 745.77 321.46
  L 810.83 331.61
  A 0.57 0.56 80.1 0 0 811.41 330.78
  L 808.01 324.51"
/>
<path stroke="#4c720a" vector-effect="non-scaling-stroke" d="
  M 808.01 324.51
  Q 802.30 313.06 792.46 301.28
  C 769.45 273.71 737.46 254.97 702.46 246.34
  C 680.10 240.82 657.36 238.96 635.45 243.00
  Q 622.84 245.32 619.45 246.20
  Q 602.56 250.60 588.11 257.35
  Q 588.07 257.37 574.18 264.81
  C 568.42 267.89 563.07 271.82 557.10 275.58
  Q 551.40 279.18 541.06 287.89"
/>
<path stroke="#59af05" vector-effect="non-scaling-stroke" d="
  M 808.01 324.51
  Q 803.31 319.89 799.01 315.48
  Q 797.19 313.61 786.52 305.01
  Q 779.07 299.00 773.40 295.33
  Q 741.18 274.49 704.76 266.25
  C 676.21 259.79 646.34 257.88 616.97 262.43
  Q 587.63 266.97 560.05 278.61
  Q 556.82 279.97 550.57 283.26
  Q 545.97 285.69 541.06 287.89"
/>
<path stroke="#1c4d0a" vector-effect="non-scaling-stroke" d="
  M 218.89 319.45
  Q 216.65 321.96 215.12 325.64
  A 0.62 0.61 7.5 0 0 215.77 326.48
  L 297.87 316.51
  A 2.33 2.33 0.0 0 0 299.47 315.55
  Q 303.97 309.25 306.88 304.01
  C 309.92 298.52 313.62 293.33 317.00 287.57
  C 318.85 284.41 323.16 285.61 322.40 289.92
  Q 320.54 300.35 317.16 316.00
  A 1.37 1.37 0.0 0 0 318.56 317.66
  Q 342.68 316.65 372.32 314.25
  C 374.54 314.07 375.60 314.47 377.06 312.31
  Q 379.14 309.24 379.81 307.84
  Q 383.50 300.06 388.31 289.45
  C 389.48 286.86 393.11 287.31 392.85 290.86
  Q 392.23 299.28 389.88 311.45
  A 1.12 1.12 0.0 0 0 391.16 312.76
  Q 410.87 309.53 449.00 303.74
  Q 462.59 301.68 483.01 300.37
  Q 485.15 300.23 487.29 299.49"
/>
<path stroke="#4c720a" vector-effect="non-scaling-stroke" d="
  M 487.29 299.49
  Q 487.63 299.62 488.13 299.61
  A 0.33 0.33 0.0 0 0 488.36 299.04
  Q 482.21 292.96 476.14 288.12
  Q 460.62 275.76 448.35 268.19
  C 427.17 255.13 404.33 247.63 379.21 245.28
  C 342.92 241.89 305.49 249.01 274.06 267.13
  Q 250.92 280.47 233.98 299.22
  Q 227.20 306.73 218.89 319.45"
/>
<path stroke="#59af05" vector-effect="non-scaling-stroke" d="
  M 487.29 299.49
  Q 486.50 297.45 484.03 296.48
  Q 479.92 294.86 475.03 292.27
  C 447.16 277.48 416.74 268.32 385.24 267.13
  Q 304.79 264.10 236.76 306.76
  Q 231.30 310.19 218.89 319.45"
/>
<path stroke="#462213" vector-effect="non-scaling-stroke" d="
  M 519.61 334.43
  A 4.07 4.05 -69.6 0 0 520.83 337.11
  Q 526.76 342.85 534.74 343.27
  C 544.14 343.77 554.45 339.02 556.82 329.52
  Q 561.07 312.45 546.01 302.42
  C 539.01 297.76 525.45 299.96 519.79 305.85
  Q 517.08 308.68 515.52 312.04
  A 4.53 4.51 -41.3 0 0 515.30 315.32
  Q 516.25 318.37 517.15 320.90
  C 518.78 325.48 519.31 329.46 519.61 334.43"
/>
<path stroke="#14460c" vector-effect="non-scaling-stroke" d="
  M 565.91 313.65
  Q 567.62 320.28 567.24 326.79
  A 1.56 1.56 0.0 0 0 568.16 328.30
  Q 569.28 328.79 573.47 330.75
  C 586.78 336.94 596.73 349.56 595.39 364.66
  A 2.70 2.69 21.0 0 0 596.46 367.05
  C 607.26 375.07 617.55 384.04 627.30 392.99
  A 0.96 0.96 0.0 0 0 628.79 392.74
  Q 630.54 389.54 631.77 385.79
  Q 634.54 377.36 639.08 366.31
  Q 639.92 364.26 641.44 362.66
  A 1.58 1.58 0.0 0 1 643.84 362.80
  C 645.57 365.11 645.91 369.55 646.04 372.25
  Q 646.75 388.13 648.06 405.43
  Q 648.25 407.84 649.75 408.79
  Q 656.48 413.02 679.38 426.39
  C 699.98 438.40 716.75 448.46 735.06 458.70
  A 0.72 0.72 0.0 0 0 736.13 458.13
  Q 736.30 456.07 735.77 454.36"
/>
<path stroke="#4c720a" vector-effect="non-scaling-stroke" d="
  M 735.77 454.36
  C 731.83 420.09 718.84 388.05 696.45 361.85
  C 679.46 341.98 656.98 326.62 632.87 318.12
  C 610.74 310.32 586.40 307.15 562.67 305.84
  A 0.58 0.58 0.0 0 0 562.13 306.70
  L 565.91 313.65"
/>
<path stroke="#51a906" vector-effect="non-scaling-stroke" d="
  M 735.77 454.36
  Q 734.25 452.94 733.43 450.92
  Q 732.10 447.66 731.77 447.14
  C 729.99 444.35 727.81 440.93 726.10 437.67
  C 716.97 420.26 706.00 404.47 693.86 389.48
  Q 679.78 372.10 663.24 357.63
  Q 646.27 342.78 631.76 335.46
  C 611.65 325.32 587.99 318.15 565.91 313.65"
/>
<path stroke="#462213" vector-effect="non-scaling-stroke" d="
  M 465.22 322.45
  Q 462.73 325.92 461.52 329.00
  C 458.21 337.41 458.01 349.75 464.49 356.84
  C 476.44 369.89 497.14 364.52 506.22 351.87
  C 515.31 339.21 513.76 317.88 497.57 310.74
  C 488.78 306.87 477.15 311.01 470.25 316.83
  Q 467.71 318.97 465.22 322.45"
/>
<path stroke="#14460c" vector-effect="non-scaling-stroke" d="
  M 283.52 445.68
  L 282.20 457.07
  A 0.52 0.51 -9.6 0 0 282.94 457.59
  Q 291.78 453.26 297.28 450.02
  Q 317.30 438.21 331.21 429.64
  A 4.22 4.22 0.0 0 0 333.02 427.28
  Q 336.24 416.47 341.11 400.86
  Q 342.97 394.89 345.78 389.41
  Q 346.33 388.32 346.38 388.21
  Q 346.82 387.12 347.56 386.80
  A 1.75 1.56 75.0 0 1 349.75 388.24
  Q 351.33 399.03 353.52 416.79
  A 1.19 1.19 0.0 0 0 355.10 417.77
  Q 356.72 417.19 357.51 416.74
  Q 366.21 411.88 375.12 407.50
  C 377.07 406.54 377.54 405.86 377.50 403.75
  Q 377.35 394.03 377.81 372.32
  Q 377.85 370.37 379.27 369.34
  A 1.59 1.57 -57.8 0 1 380.46 369.06
  Q 381.98 369.33 382.88 370.92
  Q 387.96 379.81 391.14 387.12
  Q 391.99 389.07 395.19 393.92
  A 0.95 0.94 53.7 0 0 396.58 394.14
  Q 398.85 392.30 404.60 388.33
  C 410.77 384.08 417.54 378.85 424.83 373.99
  Q 444.92 360.59 445.42 360.22
  Q 446.09 359.72 450.40 356.85
  A 2.19 2.19 0.0 0 0 451.29 354.39
  Q 447.38 341.23 452.03 328.78
  C 453.06 326.04 455.55 322.16 456.83 318.52"
/>
<path stroke="#4c720a" vector-effect="non-scaling-stroke" d="
  M 456.83 318.52
  L 461.09 313.04
  A 0.25 0.25 0.0 0 0 460.89 312.63
  Q 457.38 312.68 453.52 313.06
  C 442.00 314.20 428.87 316.60 417.67 318.21
  Q 395.40 321.39 386.94 323.06
  Q 383.54 323.73 379.04 323.81
  Q 377.99 323.83 371.13 324.63
  A 5.04 4.92 27.9 0 0 369.50 325.11
  Q 357.66 330.96 351.17 335.43
  Q 341.50 342.11 333.25 349.23
  Q 328.78 353.09 322.01 360.52
  Q 316.54 366.50 312.03 372.91
  Q 289.10 405.46 283.52 445.68"
/>
<path stroke="#51a906" vector-effect="non-scaling-stroke" d="
  M 456.83 318.52
  Q 453.71 319.58 452.02 319.80
  Q 439.17 321.44 428.47 324.50
  Q 426.50 325.06 416.60 327.94
  C 400.20 332.72 384.34 340.03 369.76 348.28
  C 365.16 350.88 360.98 353.85 356.81 356.37
  Q 352.83 358.78 347.41 362.91
  Q 322.91 381.53 305.55 406.31
  Q 292.71 424.64 283.52 445.68"
/>
<path stroke="#462213" vector-effect="non-scaling-stroke" d="
  M 562.71 337.19
  Q 560.31 342.06 556.39 344.97
  A 1.02 1.01 -32.2 0 0 556.09 346.26
  Q 558.46 350.70 560.44 357.79
  Q 563.59 369.04 559.98 380.63
  A 1.17 1.16 11.0 0 0 561.00 382.13
  Q 568.78 382.77 575.46 378.72
  C 584.69 373.12 587.17 363.75 584.48 353.41
  C 582.15 344.43 572.76 338.44 564.10 336.52
  A 1.26 1.25 -70.4 0 0 562.71 337.19"
/>
<path stroke="#462213" vector-effect="non-scaling-stroke" d="
  M 500.19 368.31
  Q 500.72 374.29 503.70 379.36
  C 508.23 387.05 512.89 392.52 521.46 394.80
  C 526.53 396.14 531.16 396.67 535.96 394.70
  C 547.26 390.04 553.15 378.47 553.59 366.60
  Q 553.92 357.81 549.16 350.22
  A 1.10 1.09 65.1 0 0 547.91 349.76
  Q 532.95 354.45 520.21 346.24
  A 1.51 1.50 28.3 0 0 518.02 346.89
  Q 512.37 359.68 500.74 367.19
  A 1.23 1.21 -19.2 0 0 500.19 368.31"
/>
<path stroke="#1c4d0a" vector-effect="non-scaling-stroke" d="
  M 467.07 372.46
  A 0.54 0.54 0.0 0 0 467.00 371.50
  Q 462.59 369.59 459.71 366.20
  A 0.40 0.40 0.0 0 0 459.01 366.41
  Q 458.60 369.57 459.61 372.95
  C 460.80 376.93 464.98 373.73 467.07 372.46"
/>
<path stroke="#5b3512" vector-effect="non-scaling-stroke" d="
  M 501.29 417.93
  Q 509.96 417.63 519.75 420.65
  A 0.96 0.95 9.5 0 0 520.99 419.77
  L 521.40 406.16
  A 0.97 0.97 0.0 0 0 520.69 405.20
  Q 510.92 402.51 503.50 395.50"
/>
<path stroke="#614114" vector-effect="non-scaling-stroke" d="
  M 503.50 395.50
  Q 497.31 389.12 495.61 385.10
  Q 492.88 378.66 492.08 377.63
  A 0.23 0.22 -61.2 0 0 491.68 377.75
  L 486.74 418.66
  A 0.87 0.87 0.0 0 0 487.84 419.61
  Q 493.44 418.08 501.29 417.93"
/>
<path stroke="#ac6717" vector-effect="non-scaling-stroke" d="
  M 503.50 395.50
  L 501.29 417.93"
/>
<path stroke="#614114" vector-effect="non-scaling-stroke" d="
  M 499.29 426.63
  L 487.18 428.94
  A 2.18 2.18 0.0 0 0 485.42 430.85
  L 481.50 468.58
  A 0.78 0.78 0.0 0 0 482.50 469.41
  Q 489.61 467.30 498.73 467.15"
/>
<path stroke="#5b3512" vector-effect="non-scaling-stroke" d="
  M 498.73 467.15
  Q 508.14 466.70 518.52 469.42
  A 0.70 0.69 8.0 0 0 519.39 468.77
  L 520.55 431.02
  A 0.84 0.84 0.0 0 0 520.03 430.23
  Q 509.99 426.14 499.29 426.63"
/>
<path stroke="#ac6717" vector-effect="non-scaling-stroke" d="
  M 498.73 467.15
  L 501.23 427.50
  A 0.69 0.69 0.0 0 0 500.77 426.81
  Q 500.10 426.58 499.29 426.63"
/>
<path stroke="#614114" vector-effect="non-scaling-stroke" d="
  M 496.49 523.72
  Q 507.46 523.14 518.95 526.01
  A 0.48 0.48 0.0 0 0 519.55 525.55
  L 519.55 479.39
  A 0.43 0.43 0.0 0 0 519.26 478.98
  Q 509.33 475.43 498.29 475.79"
/>
<path stroke="#775824" vector-effect="non-scaling-stroke" d="
  M 498.29 475.79
  Q 489.38 475.73 480.89 478.85
  A 1.14 1.14 0.0 0 0 480.14 479.83
  L 476.75 526.29
  A 0.30 0.30 0.0 0 0 477.12 526.61
  Q 486.11 524.52 496.49 523.72"
/>
<path stroke="#c98928" vector-effect="non-scaling-stroke" d="
  M 498.29 475.79
  L 496.49 523.72"
/>
<path stroke="#614114" vector-effect="non-scaling-stroke" d="
  M 495.18 586.25
  Q 508.20 585.36 521.38 588.16
  A 0.30 0.29 -85.3 0 0 521.73 587.86
  L 519.85 535.61
  A 0.78 0.78 0.0 0 0 519.29 534.89
  Q 508.53 531.75 496.63 532.46"
/>
<path stroke="#775824" vector-effect="non-scaling-stroke" d="
  M 496.63 532.46
  Q 486.53 532.64 476.55 535.81
  A 1.16 1.15 -7.0 0 0 475.74 536.84
  L 471.91 589.28
  A 0.71 0.70 -5.8 0 0 472.81 590.01
  Q 483.45 586.99 495.18 586.25"
/>
<path stroke="#c98928" vector-effect="non-scaling-stroke" d="
  M 496.63 532.46
  Q 496.15 535.91 496.07 539.25
  Q 495.49 562.69 495.18 586.25"
/>
<path stroke="#614114" vector-effect="non-scaling-stroke" d="
  M 495.74 656.29
  Q 511.30 655.61 526.37 658.46
  A 0.44 0.43 -86.5 0 0 526.88 658.00
  C 525.67 641.79 524.40 631.22 523.85 616.30
  Q 523.59 609.12 522.68 597.90
  A 1.23 1.23 0.0 0 0 521.69 596.80
  Q 508.62 594.35 495.30 595.09"
/>
<path stroke="#775824" vector-effect="non-scaling-stroke" d="
  M 495.30 595.09
  Q 483.79 595.76 472.25 599.14
  A 1.36 1.36 0.0 0 0 471.27 600.35
  L 466.90 660.21
  A 0.55 0.54 84.7 0 0 467.58 660.78
  Q 481.59 657.20 495.74 656.29"
/>
<path stroke="#c98928" vector-effect="non-scaling-stroke" d="
  M 495.30 595.09
  Q 494.95 623.05 495.41 651.00
  Q 495.45 653.63 495.74 656.29"
/>
<path stroke="#775824" vector-effect="non-scaling-stroke" d="
  M 496.43 665.30
  Q 481.57 665.74 467.41 670.04
  A 1.70 1.70 0.0 0 0 466.22 671.56
  L 462.79 732.29
  A 0.63 0.63 0.0 0 0 463.62 732.92
  C 474.22 729.23 485.60 727.82 497.02 726.95"
/>
<path stroke="#614114" vector-effect="non-scaling-stroke" d="
  M 497.02 726.95
  Q 514.42 725.83 532.48 728.88
  A 0.48 0.48 0.0 0 0 533.03 728.36
  L 527.57 667.90
  A 0.35 0.34 3.4 0 0 527.29 667.59
  Q 512.17 664.06 496.43 665.30"
/>
<path stroke="#c98928" vector-effect="non-scaling-stroke" d="
  M 497.02 726.95
  Q 496.87 698.98 495.97 671.00
  Q 495.89 668.58 496.43 665.30"
/>
<path stroke="#5b3512" vector-effect="non-scaling-stroke" d="
  M 496.54 735.66
  Q 479.56 736.82 463.16 741.95
  A 1.21 1.19 82.6 0 0 462.32 743.06
  L 460.54 801.24
  A 1.28 1.28 0.0 0 0 462.20 802.50
  Q 480.14 797.04 499.20 794.96"
/>
<path stroke="#462213" vector-effect="non-scaling-stroke" d="
  M 499.20 794.96
  Q 519.62 793.27 539.59 796.44
  A 0.71 0.70 1.3 0 0 540.40 795.67
  L 534.28 739.13
  A 1.51 1.50 1.8 0 0 533.03 737.81
  Q 514.44 734.58 496.54 735.66"
/>
<path stroke="#924816" vector-effect="non-scaling-stroke" d="
  M 499.20 794.96
  L 497.71 736.24
  A 0.57 0.56 1.1 0 0 497.19 735.70
  L 496.54 735.66"
/>
<path stroke="#5b3512" vector-effect="non-scaling-stroke" d="
  M 497.18 804.11
  Q 479.12 806.12 461.77 811.70
  A 2.17 2.16 80.7 0 0 460.27 813.79
  L 461.16 866.99
  A 1.24 1.24 0.0 0 0 462.40 868.21
  L 501.28 868.30"
/>
<path stroke="#462213" vector-effect="non-scaling-stroke" d="
  M 501.28 868.30
  L 550.09 868.23
  A 0.76 0.75 -4.3 0 0 550.83 867.37
  L 541.78 806.29
  A 0.77 0.76 1.7 0 0 541.18 805.66
  Q 519.54 801.29 497.18 804.11"
/>
<path stroke="#924816" vector-effect="non-scaling-stroke" d="
  M 501.28 868.30
  Q 502.40 865.57 502.23 862.80
  Q 500.60 836.73 499.80 810.53
  Q 499.71 807.62 499.03 804.77
  A 0.73 0.72 -3.8 0 0 498.39 804.22
  L 497.18 804.11"
/>
<path stroke="#ae6b27" vector-effect="non-scaling-stroke" d="
  M 542.3311 307.7310
  A 11.42 7.88 -18.0 0 0 529.0349 303.7657
  A 11.42 7.88 -18.0 0 0 520.6089 314.7890
  A 11.42 7.88 -18.0 0 0 533.9051 318.7543
  A 11.42 7.88 -18.0 0 0 542.3311 307.7310"
/>
<path stroke="#ae6b27" vector-effect="non-scaling-stroke" d="
  M 475.65 316.83
  Q 473.68 318.08 472.94 318.78
  C 467.95 323.57 462.80 334.07 473.08 336.65
  C 476.96 337.63 482.53 334.69 485.70 332.68
  C 488.87 330.67 493.90 326.89 494.68 322.96
  C 496.73 312.56 485.04 312.74 478.58 315.21
  Q 477.62 315.58 475.65 316.83"
/>
<path stroke="#ae6b27" vector-effect="non-scaling-stroke" d="
  M 510.56 385.53
  C 512.91 386.37 517.10 386.31 516.24 382.74
  Q 515.18 378.34 512.76 374.21
  A 0.66 0.58 27.6 0 1 512.68 374.00
  L 512.08 369.91
  A 1.55 1.55 0.0 0 0 509.96 368.70
  Q 506.03 370.28 505.58 374.42
  Q 505.07 379.22 506.39 381.59
  Q 508.09 384.64 510.56 385.53"
/>
</g>
<path fill="#ffffff" d="
  M 1024.00 0.00
  L 1024.00 1024.00
  L 0.00 1024.00
  L 0.00 0.00
  L 1024.00 0.00
  Z
  M 654.09 316.07
  Q 674.21 319.75 689.35 323.50
  C 694.30 324.73 695.55 321.98 695.63 317.77
  Q 695.72 313.10 695.75 313.04
  A 0.23 0.23 0.0 0 1 696.16 313.03
  L 702.03 324.76
  A 3.99 3.98 -9.1 0 0 705.02 326.92
  L 729.81 330.63
  A 2.26 2.25 -76.4 0 0 732.29 329.11
  C 733.22 326.52 731.62 319.05 730.89 316.08
  A 0.33 0.33 0.0 0 1 731.49 315.84
  L 738.83 328.54
  A 3.43 3.42 -10.5 0 0 741.29 330.23
  Q 760.24 333.21 818.06 342.19
  C 821.08 342.66 824.59 342.98 824.90 339.18
  Q 825.07 337.08 824.39 335.42
  Q 816.99 317.37 805.21 301.51
  Q 795.83 288.90 782.43 276.93
  Q 770.74 266.51 755.24 257.36
  C 713.25 232.59 660.62 224.06 613.09 237.67
  A 0.29 0.28 -69.8 0 1 612.86 237.16
  Q 623.52 229.91 638.16 220.17
  Q 639.48 219.29 641.35 217.69
  Q 642.44 216.77 642.04 216.07
  Q 641.54 215.19 640.57 214.56
  A 0.43 0.43 0.0 0 1 640.93 213.79
  Q 643.18 214.48 645.70 214.34
  A 2.72 2.71 27.9 0 0 646.91 213.97
  Q 659.17 206.67 666.20 202.49
  Q 699.78 182.57 731.54 166.56
  Q 735.94 164.34 733.36 160.24
  A 2.81 2.75 89.1 0 0 732.49 159.38
  Q 725.17 154.82 716.76 151.54
  Q 682.96 138.35 645.73 141.46
  C 599.78 145.29 549.72 165.59 523.28 204.78
  Q 515.39 216.47 509.39 230.68
  A 0.34 0.33 43.9 0 1 508.78 230.69
  C 506.48 225.99 504.21 220.53 501.89 216.71
  Q 489.69 196.57 474.81 184.47
  Q 459.97 172.40 444.92 165.63
  C 409.99 149.90 371.75 145.42 334.50 154.19
  Q 319.09 157.83 304.21 165.68
  Q 301.83 166.93 301.29 168.95
  C 300.55 171.67 302.65 173.27 304.96 174.54
  Q 337.77 192.58 370.96 213.19
  Q 381.88 219.98 391.23 226.81
  Q 396.43 230.61 411.11 241.02
  A 0.28 0.28 0.0 0 1 410.89 241.53
  C 404.69 240.27 398.64 238.56 392.74 237.56
  Q 348.88 230.12 306.76 243.04
  Q 255.12 258.88 220.82 300.53
  Q 208.83 315.09 202.14 330.09
  C 200.57 333.62 202.46 336.84 206.29 336.49
  Q 220.60 335.19 233.48 333.66
  Q 260.60 330.42 299.59 325.69
  Q 302.95 325.28 304.53 322.54
  Q 306.90 318.42 310.07 313.33
  A 0.31 0.31 0.0 0 1 310.63 313.58
  Q 309.33 318.34 308.64 322.71
  Q 308.03 326.62 311.42 327.34
  A 4.67 4.52 -39.6 0 0 312.70 327.44
  L 347.83 325.29
  A 0.26 0.26 0.0 0 1 348.04 325.72
  L 347.50 326.31
  A 0.09 0.03 -16.8 0 1 347.47 326.33
  Q 339.55 331.09 334.00 335.75
  C 329.62 339.42 322.42 345.33 317.55 350.67
  C 291.55 379.18 276.11 414.75 272.30 453.26
  Q 271.50 461.29 271.80 468.41
  A 2.37 2.29 -60.9 0 0 272.07 469.42
  C 273.82 472.78 276.93 471.80 279.90 470.18
  Q 282.11 468.97 288.54 465.26
  Q 306.31 454.98 339.06 435.45
  A 1.38 1.37 82.9 0 0 339.69 434.63
  L 344.73 417.01
  A 0.29 0.29 0.0 0 1 345.30 417.06
  Q 345.99 422.94 346.60 426.42
  Q 346.99 428.69 348.21 430.01
  A 1.91 1.90 55.1 0 0 350.47 430.42
  Q 369.43 420.81 383.78 412.89
  Q 385.73 411.81 385.67 409.03
  Q 385.53 401.76 385.29 393.64
  A 0.34 0.34 0.0 0 1 385.93 393.49
  C 387.69 397.20 390.40 404.01 393.36 405.69
  A 2.17 2.15 42.5 0 0 395.65 405.60
  L 413.95 393.01
  A 0.29 0.29 0.0 0 1 414.36 393.40
  C 412.54 396.33 412.01 398.50 410.72 402.88
  C 404.90 422.60 404.21 443.56 409.86 463.15
  Q 410.61 465.78 411.59 467.12
  A 0.66 0.65 46.9 0 0 412.63 467.16
  L 442.75 431.10
  A 2.11 2.10 -25.0 0 0 443.25 429.74
  C 443.40 423.85 443.03 414.68 445.03 407.46
  A 0.79 0.79 0.0 0 1 446.54 407.41
  L 451.98 423.02
  A 0.60 0.60 0.0 0 0 453.02 423.18
  L 480.13 386.99
  A 0.23 0.23 0.0 0 1 480.55 387.16
  Q 478.36 402.28 475.44 428.87
  Q 469.18 485.87 464.36 554.52
  C 460.03 616.21 455.93 670.56 452.94 729.25
  C 450.64 774.32 449.58 821.58 451.50 867.57
  A 0.71 0.70 84.1 0 1 450.91 868.30
  Q 446.22 869.09 442.91 871.15
  C 439.61 873.21 437.87 877.46 442.32 879.49
  Q 444.20 880.35 446.75 880.34
  Q 450.20 880.33 569.76 880.35
  C 572.23 880.35 580.19 879.57 580.09 875.79
  C 579.96 870.71 567.30 868.57 563.17 867.94
  A 1.55 1.55 0.0 0 1 561.88 866.72
  Q 559.88 856.97 555.77 830.72
  Q 553.23 814.50 550.80 794.68
  Q 546.39 758.78 545.28 749.25
  C 539.45 698.74 535.44 643.21 531.87 578.83
  C 530.97 562.70 530.53 542.34 530.16 531.51
  C 528.72 490.11 529.56 448.70 531.59 406.77
  A 0.45 0.44 85.8 0 1 531.94 406.36
  Q 540.22 404.54 547.56 400.06
  A 0.63 0.62 56.3 0 1 548.39 400.23
  Q 553.00 406.59 558.15 414.17
  C 562.58 420.70 565.01 423.59 570.09 430.19
  A 0.61 0.61 0.0 0 0 571.11 430.09
  L 578.72 414.84
  A 0.73 0.73 0.0 0 1 580.08 415.00
  C 581.74 422.52 580.68 429.83 579.79 438.08
  A 2.80 2.76 29.4 0 0 580.36 440.08
  L 605.32 472.66
  A 0.73 0.73 0.0 0 0 606.57 472.50
  C 617.88 446.38 616.09 415.96 605.24 389.95
  Q 603.87 386.66 601.63 383.36
  A 0.29 0.29 0.0 0 1 602.06 382.97
  L 629.35 406.53
  A 0.36 0.36 0.0 0 0 629.56 406.62
  Q 631.20 406.76 632.06 405.04
  Q 635.46 398.21 637.99 391.23
  A 0.24 0.23 -35.8 0 1 638.45 391.30
  Q 638.61 398.07 638.83 407.56
  C 638.92 411.33 638.52 413.24 641.52 415.00
  Q 679.07 436.90 739.02 472.23
  C 742.22 474.12 745.33 473.26 746.09 469.62
  Q 746.25 468.82 746.21 465.77
  C 745.83 438.19 738.12 411.49 725.44 387.55
  Q 708.25 355.09 678.69 332.08
  Q 667.81 323.61 655.22 317.54
  Q 654.47 317.18 653.85 316.49
  A 0.26 0.25 -15.8 0 1 654.09 316.07
  Z"
/>
<path fill="#0f0f0f" d="
  M 653.85 316.49
  Q 654.47 317.18 655.22 317.54
  Q 667.81 323.61 678.69 332.08
  Q 708.25 355.09 725.44 387.55
  C 738.12 411.49 745.83 438.19 746.21 465.77
  Q 746.25 468.82 746.09 469.62
  C 745.33 473.26 742.22 474.12 739.02 472.23
  Q 679.07 436.90 641.52 415.00
  C 638.52 413.24 638.92 411.33 638.83 407.56
  Q 638.61 398.07 638.45 391.30
  A 0.24 0.23 -35.8 0 0 637.99 391.23
  Q 635.46 398.21 632.06 405.04
  Q 631.20 406.76 629.56 406.62
  A 0.36 0.36 0.0 0 1 629.35 406.53
  L 602.06 382.97
  A 0.29 0.29 0.0 0 0 601.63 383.36
  Q 603.87 386.66 605.24 389.95
  C 616.09 415.96 617.88 446.38 606.57 472.50
  A 0.73 0.73 0.0 0 1 605.32 472.66
  L 580.36 440.08
  A 2.80 2.76 29.4 0 1 579.79 438.08
  C 580.68 429.83 581.74 422.52 580.08 415.00
  A 0.73 0.73 0.0 0 0 578.72 414.84
  L 571.11 430.09
  A 0.61 0.61 0.0 0 1 570.09 430.19
  C 565.01 423.59 562.58 420.70 558.15 414.17
  Q 553.00 406.59 548.39 400.23
  A 0.63 0.62 56.3 0 0 547.56 400.06
  Q 540.22 404.54 531.94 406.36
  A 0.45 0.44 85.8 0 0 531.59 406.77
  C 529.56 448.70 528.72 490.11 530.16 531.51
  C 530.53 542.34 530.97 562.70 531.87 578.83
  C 535.44 643.21 539.45 698.74 545.28 749.25
  Q 546.39 758.78 550.80 794.68
  Q 553.23 814.50 555.77 830.72
  Q 559.88 856.97 561.88 866.72
  A 1.55 1.55 0.0 0 0 563.17 867.94
  C 567.30 868.57 579.96 870.71 580.09 875.79
  C 580.19 879.57 572.23 880.35 569.76 880.35
  Q 450.20 880.33 446.75 880.34
  Q 444.20 880.35 442.32 879.49
  C 437.87 877.46 439.61 873.21 442.91 871.15
  Q 446.22 869.09 450.91 868.30
  A 0.71 0.70 84.1 0 0 451.50 867.57
  C 449.58 821.58 450.64 774.32 452.94 729.25
  C 455.93 670.56 460.03 616.21 464.36 554.52
  Q 469.18 485.87 475.44 428.87
  Q 478.36 402.28 480.55 387.16
  A 0.23 0.23 0.0 0 0 480.13 386.99
  L 453.02 423.18
  A 0.60 0.60 0.0 0 1 451.98 423.02
  L 446.54 407.41
  A 0.79 0.79 0.0 0 0 445.03 407.46
  C 443.03 414.68 443.40 423.85 443.25 429.74
  A 2.11 2.10 -25.0 0 1 442.75 431.10
  L 412.63 467.16
  A 0.66 0.65 46.9 0 1 411.59 467.12
  Q 410.61 465.78 409.86 463.15
  C 404.21 443.56 404.90 422.60 410.72 402.88
  C 412.01 398.50 412.54 396.33 414.36 393.40
  A 0.29 0.29 0.0 0 0 413.95 393.01
  L 395.65 405.60
  A 2.17 2.15 42.5 0 1 393.36 405.69
  C 390.40 404.01 387.69 397.20 385.93 393.49
  A 0.34 0.34 0.0 0 0 385.29 393.64
  Q 385.53 401.76 385.67 409.03
  Q 385.73 411.81 383.78 412.89
  Q 369.43 420.81 350.47 430.42
  A 1.91 1.90 55.1 0 1 348.21 430.01
  Q 346.99 428.69 346.60 426.42
  Q 345.99 422.94 345.30 417.06
  A 0.29 0.29 0.0 0 0 344.73 417.01
  L 339.69 434.63
  A 1.38 1.37 82.9 0 1 339.06 435.45
  Q 306.31 454.98 288.54 465.26
  Q 282.11 468.97 279.90 470.18
  C 276.93 471.80 273.82 472.78 272.07 469.42
  A 2.37 2.29 -60.9 0 1 271.80 468.41
  Q 271.50 461.29 272.30 453.26
  C 276.11 414.75 291.55 379.18 317.55 350.67
  C 322.42 345.33 329.62 339.42 334.00 335.75
  Q 339.55 331.09 347.47 326.33
  A 0.09 0.03 -16.8 0 0 347.50 326.31
  L 348.04 325.72
  A 0.26 0.26 0.0 0 0 347.83 325.29
  L 312.70 327.44
  A 4.67 4.52 -39.6 0 1 311.42 327.34
  Q 308.03 326.62 308.64 322.71
  Q 309.33 318.34 310.63 313.58
  A 0.31 0.31 0.0 0 0 310.07 313.33
  Q 306.90 318.42 304.53 322.54
  Q 302.95 325.28 299.59 325.69
  Q 260.60 330.42 233.48 333.66
  Q 220.60 335.19 206.29 336.49
  C 202.46 336.84 200.57 333.62 202.14 330.09
  Q 208.83 315.09 220.82 300.53
  Q 255.12 258.88 306.76 243.04
  Q 348.88 230.12 392.74 237.56
  C 398.64 238.56 404.69 240.27 410.89 241.53
  A 0.28 0.28 0.0 0 0 411.11 241.02
  Q 396.43 230.61 391.23 226.81
  Q 381.88 219.98 370.96 213.19
  Q 337.77 192.58 304.96 174.54
  C 302.65 173.27 300.55 171.67 301.29 168.95
  Q 301.83 166.93 304.21 165.68
  Q 319.09 157.83 334.50 154.19
  C 371.75 145.42 409.99 149.90 444.92 165.63
  Q 459.97 172.40 474.81 184.47
  Q 489.69 196.57 501.89 216.71
  C 504.21 220.53 506.48 225.99 508.78 230.69
  A 0.34 0.33 43.9 0 0 509.39 230.68
  Q 515.39 216.47 523.28 204.78
  C 549.72 165.59 599.78 145.29 645.73 141.46
  Q 682.96 138.35 716.76 151.54
  Q 725.17 154.82 732.49 159.38
  A 2.81 2.75 89.1 0 1 733.36 160.24
  Q 735.94 164.34 731.54 166.56
  Q 699.78 182.57 666.20 202.49
  Q 659.17 206.67 646.91 213.97
  A 2.72 2.71 27.9 0 1 645.70 214.34
  Q 643.18 214.48 640.93 213.79
  A 0.43 0.43 0.0 0 0 640.57 214.56
  Q 641.54 215.19 642.04 216.07
  Q 642.44 216.77 641.35 217.69
  Q 639.48 219.29 638.16 220.17
  Q 623.52 229.91 612.86 237.16
  A 0.29 0.28 -69.8 0 0 613.09 237.67
  C 660.62 224.06 713.25 232.59 755.24 257.36
  Q 770.74 266.51 782.43 276.93
  Q 795.83 288.90 805.21 301.51
  Q 816.99 317.37 824.39 335.42
  Q 825.07 337.08 824.90 339.18
  C 824.59 342.98 821.08 342.66 818.06 342.19
  Q 760.24 333.21 741.29 330.23
  A 3.43 3.42 -10.5 0 1 738.83 328.54
  L 731.49 315.84
  A 0.33 0.33 0.0 0 0 730.89 316.08
  C 731.62 319.05 733.22 326.52 732.29 329.11
  A 2.26 2.25 -76.4 0 1 729.81 330.63
  L 705.02 326.92
  A 3.99 3.98 -9.1 0 1 702.03 324.76
  L 696.16 313.03
  A 0.23 0.23 0.0 0 0 695.75 313.04
  Q 695.72 313.10 695.63 317.77
  C 695.55 321.98 694.30 324.73 689.35 323.50
  Q 674.21 319.75 654.09 316.07
  A 0.26 0.25 -15.8 0 0 653.85 316.49
  Z
  M 507.72 296.27
  Q 507.09 297.20 507.58 298.70
  A 0.42 0.42 0.0 0 0 508.19 298.93
  Q 513.86 295.44 519.21 291.51
  C 537.47 278.09 554.91 266.71 569.25 255.87
  Q 572.46 253.45 579.05 248.99
  Q 584.02 245.64 593.78 238.74
  Q 613.54 224.78 619.49 221.00
  Q 625.50 217.18 630.03 213.82
  A 0.98 0.98 0.0 0 0 629.99 212.21
  Q 625.05 208.93 614.06 201.93
  Q 611.10 200.05 609.02 197.75
  A 2.60 2.54 -48.9 0 1 608.84 194.57
  C 609.92 193.00 612.79 193.77 614.40 194.38
  Q 623.59 197.85 635.34 203.67
  Q 637.58 204.77 640.26 205.80
  A 2.38 2.38 0.0 0 0 642.36 205.60
  Q 677.93 183.82 714.80 164.54
  Q 715.69 164.08 716.59 163.33
  A 0.60 0.59 -47.0 0 0 716.56 162.38
  Q 714.20 160.72 713.91 161.15
  Q 696.79 153.96 677.00 151.80
  C 651.60 149.02 627.15 152.17 602.47 159.74
  Q 591.04 163.25 577.50 169.98
  Q 549.88 183.72 532.56 206.51
  C 524.04 217.72 517.48 232.29 513.83 245.31
  Q 509.19 261.88 507.62 280.52
  Q 506.98 288.13 507.72 296.27
  Z
  M 320.43 168.90
  Q 319.40 169.32 318.84 170.01
  A 0.59 0.59 0.0 0 0 318.87 170.80
  Q 319.92 171.93 321.29 172.71
  Q 352.30 190.54 383.11 209.18
  A 3.02 3.01 48.6 0 0 385.90 209.36
  C 393.75 205.87 403.64 201.04 412.76 198.86
  Q 415.96 198.10 416.55 200.68
  C 417.05 202.88 413.32 205.41 411.74 206.48
  Q 405.69 210.55 396.23 216.89
  A 0.92 0.91 -42.3 0 0 396.16 218.36
  Q 398.45 220.25 399.82 221.20
  C 418.76 234.26 441.62 250.94 462.66 265.77
  Q 480.26 278.18 496.91 291.78
  A 0.23 0.22 20.1 0 0 497.28 291.61
  Q 497.43 277.66 499.77 265.26
  L 504.33 247.10
  A 3.74 3.70 -47.5 0 0 504.25 245.03
  Q 498.10 226.63 486.29 210.53
  C 474.64 194.65 459.37 182.70 441.89 174.40
  Q 432.59 169.99 426.11 167.91
  Q 386.83 155.32 345.88 161.93
  Q 332.81 164.04 320.43 168.90
  Z
  M 541.06 287.89
  Q 539.51 288.51 538.23 290.39
  A 0.47 0.47 0.0 0 0 538.53 291.12
  Q 541.46 291.74 543.46 291.83
  Q 570.63 292.99 596.05 296.47
  Q 639.13 302.36 684.50 312.77
  Q 685.59 313.02 687.54 313.29
  A 0.49 0.48 6.8 0 0 688.09 312.86
  L 690.18 292.11
  A 1.60 1.59 5.3 0 1 691.90 290.69
  Q 691.96 290.69 692.32 290.81
  A 1.85 1.78 -11.2 0 1 693.10 291.31
  Q 695.24 293.67 696.83 296.70
  Q 704.79 311.82 706.44 315.30
  Q 707.53 317.58 708.83 317.84
  Q 712.77 318.64 722.34 320.23
  A 0.69 0.68 -89.1 0 0 723.13 319.46
  Q 721.86 309.78 720.24 300.00
  Q 719.69 296.69 720.18 293.09
  A 2.36 2.20 -89.1 0 1 722.12 291.07
  Q 723.06 290.97 724.19 292.09
  Q 726.33 294.21 727.51 295.97
  Q 732.26 303.02 743.50 320.00
  A 3.35 3.33 -12.1 0 0 745.77 321.46
  L 810.83 331.61
  A 0.57 0.56 80.1 0 0 811.41 330.78
  L 808.01 324.51
  Q 802.30 313.06 792.46 301.28
  C 769.45 273.71 737.46 254.97 702.46 246.34
  C 680.10 240.82 657.36 238.96 635.45 243.00
  Q 622.84 245.32 619.45 246.20
  Q 602.56 250.60 588.11 257.35
  Q 588.07 257.37 574.18 264.81
  C 568.42 267.89 563.07 271.82 557.10 275.58
  Q 551.40 279.18 541.06 287.89
  Z
  M 218.89 319.45
  Q 216.65 321.96 215.12 325.64
  A 0.62 0.61 7.5 0 0 215.77 326.48
  L 297.87 316.51
  A 2.33 2.33 0.0 0 0 299.47 315.55
  Q 303.97 309.25 306.88 304.01
  C 309.92 298.52 313.62 293.33 317.00 287.57
  C 318.85 284.41 323.16 285.61 322.40 289.92
  Q 320.54 300.35 317.16 316.00
  A 1.37 1.37 0.0 0 0 318.56 317.66
  Q 342.68 316.65 372.32 314.25
  C 374.54 314.07 375.60 314.47 377.06 312.31
  Q 379.14 309.24 379.81 307.84
  Q 383.50 300.06 388.31 289.45
  C 389.48 286.86 393.11 287.31 392.85 290.86
  Q 392.23 299.28 389.88 311.45
  A 1.12 1.12 0.0 0 0 391.16 312.76
  Q 410.87 309.53 449.00 303.74
  Q 462.59 301.68 483.01 300.37
  Q 485.15 300.23 487.29 299.49
  Q 487.63 299.62 488.13 299.61
  A 0.33 0.33 0.0 0 0 488.36 299.04
  Q 482.21 292.96 476.14 288.12
  Q 460.62 275.76 448.35 268.19
  C 427.17 255.13 404.33 247.63 379.21 245.28
  C 342.92 241.89 305.49 249.01 274.06 267.13
  Q 250.92 280.47 233.98 299.22
  Q 227.20 306.73 218.89 319.45
  Z
  M 519.61 334.43
  A 4.07 4.05 -69.6 0 0 520.83 337.11
  Q 526.76 342.85 534.74 343.27
  C 544.14 343.77 554.45 339.02 556.82 329.52
  Q 561.07 312.45 546.01 302.42
  C 539.01 297.76 525.45 299.96 519.79 305.85
  Q 517.08 308.68 515.52 312.04
  A 4.53 4.51 -41.3 0 0 515.30 315.32
  Q 516.25 318.37 517.15 320.90
  C 518.78 325.48 519.31 329.46 519.61 334.43
  Z
  M 565.91 313.65
  Q 567.62 320.28 567.24 326.79
  A 1.56 1.56 0.0 0 0 568.16 328.30
  Q 569.28 328.79 573.47 330.75
  C 586.78 336.94 596.73 349.56 595.39 364.66
  A 2.70 2.69 21.0 0 0 596.46 367.05
  C 607.26 375.07 617.55 384.04 627.30 392.99
  A 0.96 0.96 0.0 0 0 628.79 392.74
  Q 630.54 389.54 631.77 385.79
  Q 634.54 377.36 639.08 366.31
  Q 639.92 364.26 641.44 362.66
  A 1.58 1.58 0.0 0 1 643.84 362.80
  C 645.57 365.11 645.91 369.55 646.04 372.25
  Q 646.75 388.13 648.06 405.43
  Q 648.25 407.84 649.75 408.79
  Q 656.48 413.02 679.38 426.39
  C 699.98 438.40 716.75 448.46 735.06 458.70
  A 0.72 0.72 0.0 0 0 736.13 458.13
  Q 736.30 456.07 735.77 454.36
  C 731.83 420.09 718.84 388.05 696.45 361.85
  C 679.46 341.98 656.98 326.62 632.87 318.12
  C 610.74 310.32 586.40 307.15 562.67 305.84
  A 0.58 0.58 0.0 0 0 562.13 306.70
  L 565.91 313.65
  Z
  M 465.22 322.45
  Q 462.73 325.92 461.52 329.00
  C 458.21 337.41 458.01 349.75 464.49 356.84
  C 476.44 369.89 497.14 364.52 506.22 351.87
  C 515.31 339.21 513.76 317.88 497.57 310.74
  C 488.78 306.87 477.15 311.01 470.25 316.83
  Q 467.71 318.97 465.22 322.45
  Z
  M 283.52 445.68
  L 282.20 457.07
  A 0.52 0.51 -9.6 0 0 282.94 457.59
  Q 291.78 453.26 297.28 450.02
  Q 317.30 438.21 331.21 429.64
  A 4.22 4.22 0.0 0 0 333.02 427.28
  Q 336.24 416.47 341.11 400.86
  Q 342.97 394.89 345.78 389.41
  Q 346.33 388.32 346.38 388.21
  Q 346.82 387.12 347.56 386.80
  A 1.75 1.56 75.0 0 1 349.75 388.24
  Q 351.33 399.03 353.52 416.79
  A 1.19 1.19 0.0 0 0 355.10 417.77
  Q 356.72 417.19 357.51 416.74
  Q 366.21 411.88 375.12 407.50
  C 377.07 406.54 377.54 405.86 377.50 403.75
  Q 377.35 394.03 377.81 372.32
  Q 377.85 370.37 379.27 369.34
  A 1.59 1.57 -57.8 0 1 380.46 369.06
  Q 381.98 369.33 382.88 370.92
  Q 387.96 379.81 391.14 387.12
  Q 391.99 389.07 395.19 393.92
  A 0.95 0.94 53.7 0 0 396.58 394.14
  Q 398.85 392.30 404.60 388.33
  C 410.77 384.08 417.54 378.85 424.83 373.99
  Q 444.92 360.59 445.42 360.22
  Q 446.09 359.72 450.40 356.85
  A 2.19 2.19 0.0 0 0 451.29 354.39
  Q 447.38 341.23 452.03 328.78
  C 453.06 326.04 455.55 322.16 456.83 318.52
  L 461.09 313.04
  A 0.25 0.25 0.0 0 0 460.89 312.63
  Q 457.38 312.68 453.52 313.06
  C 442.00 314.20 428.87 316.60 417.67 318.21
  Q 395.40 321.39 386.94 323.06
  Q 383.54 323.73 379.04 323.81
  Q 377.99 323.83 371.13 324.63
  A 5.04 4.92 27.9 0 0 369.50 325.11
  Q 357.66 330.96 351.17 335.43
  Q 341.50 342.11 333.25 349.23
  Q 328.78 353.09 322.01 360.52
  Q 316.54 366.50 312.03 372.91
  Q 289.10 405.46 283.52 445.68
  Z
  M 562.71 337.19
  Q 560.31 342.06 556.39 344.97
  A 1.02 1.01 -32.2 0 0 556.09 346.26
  Q 558.46 350.70 560.44 357.79
  Q 563.59 369.04 559.98 380.63
  A 1.17 1.16 11.0 0 0 561.00 382.13
  Q 568.78 382.77 575.46 378.72
  C 584.69 373.12 587.17 363.75 584.48 353.41
  C 582.15 344.43 572.76 338.44 564.10 336.52
  A 1.26 1.25 -70.4 0 0 562.71 337.19
  Z
  M 500.19 368.31
  Q 500.72 374.29 503.70 379.36
  C 508.23 387.05 512.89 392.52 521.46 394.80
  C 526.53 396.14 531.16 396.67 535.96 394.70
  C 547.26 390.04 553.15 378.47 553.59 366.60
  Q 553.92 357.81 549.16 350.22
  A 1.10 1.09 65.1 0 0 547.91 349.76
  Q 532.95 354.45 520.21 346.24
  A 1.51 1.50 28.3 0 0 518.02 346.89
  Q 512.37 359.68 500.74 367.19
  A 1.23 1.21 -19.2 0 0 500.19 368.31
  Z
  M 467.07 372.46
  A 0.54 0.54 0.0 0 0 467.00 371.50
  Q 462.59 369.59 459.71 366.20
  A 0.40 0.40 0.0 0 0 459.01 366.41
  Q 458.60 369.57 459.61 372.95
  C 460.80 376.93 464.98 373.73 467.07 372.46
  Z
  M 501.29 417.93
  Q 509.96 417.63 519.75 420.65
  A 0.96 0.95 9.5 0 0 520.99 419.77
  L 521.40 406.16
  A 0.97 0.97 0.0 0 0 520.69 405.20
  Q 510.92 402.51 503.50 395.50
  Q 497.31 389.12 495.61 385.10
  Q 492.88 378.66 492.08 377.63
  A 0.23 0.22 -61.2 0 0 491.68 377.75
  L 486.74 418.66
  A 0.87 0.87 0.0 0 0 487.84 419.61
  Q 493.44 418.08 501.29 417.93
  Z
  M 499.29 426.63
  L 487.18 428.94
  A 2.18 2.18 0.0 0 0 485.42 430.85
  L 481.50 468.58
  A 0.78 0.78 0.0 0 0 482.50 469.41
  Q 489.61 467.30 498.73 467.15
  Q 508.14 466.70 518.52 469.42
  A 0.70 0.69 8.0 0 0 519.39 468.77
  L 520.55 431.02
  A 0.84 0.84 0.0 0 0 520.03 430.23
  Q 509.99 426.14 499.29 426.63
  Z
  M 496.49 523.72
  Q 507.46 523.14 518.95 526.01
  A 0.48 0.48 0.0 0 0 519.55 525.55
  L 519.55 479.39
  A 0.43 0.43 0.0 0 0 519.26 478.98
  Q 509.33 475.43 498.29 475.79
  Q 489.38 475.73 480.89 478.85
  A 1.14 1.14 0.0 0 0 480.14 479.83
  L 476.75 526.29
  A 0.30 0.30 0.0 0 0 477.12 526.61
  Q 486.11 524.52 496.49 523.72
  Z
  M 495.18 586.25
  Q 508.20 585.36 521.38 588.16
  A 0.30 0.29 -85.3 0 0 521.73 587.86
  L 519.85 535.61
  A 0.78 0.78 0.0 0 0 519.29 534.89
  Q 508.53 531.75 496.63 532.46
  Q 486.53 532.64 476.55 535.81
  A 1.16 1.15 -7.0 0 0 475.74 536.84
  L 471.91 589.28
  A 0.71 0.70 -5.8 0 0 472.81 590.01
  Q 483.45 586.99 495.18 586.25
  Z
  M 495.74 656.29
  Q 511.30 655.61 526.37 658.46
  A 0.44 0.43 -86.5 0 0 526.88 658.00
  C 525.67 641.79 524.40 631.22 523.85 616.30
  Q 523.59 609.12 522.68 597.90
  A 1.23 1.23 0.0 0 0 521.69 596.80
  Q 508.62 594.35 495.30 595.09
  Q 483.79 595.76 472.25 599.14
  A 1.36 1.36 0.0 0 0 471.27 600.35
  L 466.90 660.21
  A 0.55 0.54 84.7 0 0 467.58 660.78
  Q 481.59 657.20 495.74 656.29
  Z
  M 496.43 665.30
  Q 481.57 665.74 467.41 670.04
  A 1.70 1.70 0.0 0 0 466.22 671.56
  L 462.79 732.29
  A 0.63 0.63 0.0 0 0 463.62 732.92
  C 474.22 729.23 485.60 727.82 497.02 726.95
  Q 514.42 725.83 532.48 728.88
  A 0.48 0.48 0.0 0 0 533.03 728.36
  L 527.57 667.90
  A 0.35 0.34 3.4 0 0 527.29 667.59
  Q 512.17 664.06 496.43 665.30
  Z
  M 496.54 735.66
  Q 479.56 736.82 463.16 741.95
  A 1.21 1.19 82.6 0 0 462.32 743.06
  L 460.54 801.24
  A 1.28 1.28 0.0 0 0 462.20 802.50
  Q 480.14 797.04 499.20 794.96
  Q 519.62 793.27 539.59 796.44
  A 0.71 0.70 1.3 0 0 540.40 795.67
  L 534.28 739.13
  A 1.51 1.50 1.8 0 0 533.03 737.81
  Q 514.44 734.58 496.54 735.66
  Z
  M 497.18 804.11
  Q 479.12 806.12 461.77 811.70
  A 2.17 2.16 80.7 0 0 460.27 813.79
  L 461.16 866.99
  A 1.24 1.24 0.0 0 0 462.40 868.21
  L 501.28 868.30
  L 550.09 868.23
  A 0.76 0.75 -4.3 0 0 550.83 867.37
  L 541.78 806.29
  A 0.77 0.76 1.7 0 0 541.18 805.66
  Q 519.54 801.29 497.18 804.11
  Z"
/>
<path fill="#88d404" d="
  M 713.91 161.15
  Q 697.68 160.82 682.23 161.52
  Q 674.28 161.88 667.34 162.88
  Q 654.16 164.78 652.53 165.07
  Q 629.13 169.14 607.80 178.19
  C 602.66 180.36 597.99 182.95 593.13 185.38
  C 571.25 196.34 551.98 214.17 537.72 234.43
  Q 525.66 251.57 517.66 270.16
  Q 513.51 279.80 507.72 296.27
  Q 506.98 288.13 507.62 280.52
  Q 509.19 261.88 513.83 245.31
  C 517.48 232.29 524.04 217.72 532.56 206.51
  Q 549.88 183.72 577.50 169.98
  Q 591.04 163.25 602.47 159.74
  C 627.15 152.17 651.60 149.02 677.00 151.80
  Q 696.79 153.96 713.91 161.15
  Z"
/>
<path fill="#88d404" d="
  M 499.77 265.26
  Q 498.43 262.90 494.25 254.00
  Q 484.15 232.46 466.59 214.44
  C 454.59 202.14 439.55 191.87 424.41 185.62
  Q 390.97 171.82 351.13 169.48
  C 342.66 168.98 334.10 169.44 325.55 168.74
  A 3.78 3.51 40.8 0 0 324.74 168.77
  Q 322.63 169.10 320.43 168.90
  Q 332.81 164.04 345.88 161.93
  Q 386.83 155.32 426.11 167.91
  Q 432.59 169.99 441.89 174.40
  C 459.37 182.70 474.64 194.65 486.29 210.53
  Q 498.10 226.63 504.25 245.03
  A 3.74 3.70 -47.5 0 1 504.33 247.10
  L 499.77 265.26
  Z"
/>
<path fill="#298a05" d="
  M 507.72 296.27
  Q 513.51 279.80 517.66 270.16
  Q 525.66 251.57 537.72 234.43
  C 551.98 214.17 571.25 196.34 593.13 185.38
  C 597.99 182.95 602.66 180.36 607.80 178.19
  Q 629.13 169.14 652.53 165.07
  Q 654.16 164.78 667.34 162.88
  Q 674.28 161.88 682.23 161.52
  Q 697.68 160.82 713.91 161.15
  Q 714.20 160.72 716.56 162.38
  A 0.60 0.59 -47.0 0 1 716.59 163.33
  Q 715.69 164.08 714.80 164.54
  Q 677.93 183.82 642.36 205.60
  A 2.38 2.38 0.0 0 1 640.26 205.80
  Q 637.58 204.77 635.34 203.67
  Q 623.59 197.85 614.40 194.38
  C 612.79 193.77 609.92 193.00 608.84 194.57
  A 2.60 2.54 -48.9 0 0 609.02 197.75
  Q 611.10 200.05 614.06 201.93
  Q 625.05 208.93 629.99 212.21
  A 0.98 0.98 0.0 0 1 630.03 213.82
  Q 625.50 217.18 619.49 221.00
  Q 613.54 224.78 593.78 238.74
  Q 584.02 245.64 579.05 248.99
  Q 572.46 253.45 569.25 255.87
  C 554.91 266.71 537.47 278.09 519.21 291.51
  Q 513.86 295.44 508.19 298.93
  A 0.42 0.42 0.0 0 1 507.58 298.70
  Q 507.09 297.20 507.72 296.27
  Z"
/>
<path fill="#298a05" d="
  M 499.77 265.26
  Q 497.43 277.66 497.28 291.61
  A 0.23 0.22 20.1 0 1 496.91 291.78
  Q 480.26 278.18 462.66 265.77
  C 441.62 250.94 418.76 234.26 399.82 221.20
  Q 398.45 220.25 396.16 218.36
  A 0.92 0.91 -42.3 0 1 396.23 216.89
  Q 405.69 210.55 411.74 206.48
  C 413.32 205.41 417.05 202.88 416.55 200.68
  Q 415.96 198.10 412.76 198.86
  C 403.64 201.04 393.75 205.87 385.90 209.36
  A 3.02 3.01 48.6 0 1 383.11 209.18
  Q 352.30 190.54 321.29 172.71
  Q 319.92 171.93 318.87 170.80
  A 0.59 0.59 0.0 0 1 318.84 170.01
  Q 319.40 169.32 320.43 168.90
  Q 322.63 169.10 324.74 168.77
  A 3.78 3.51 40.8 0 1 325.55 168.74
  C 334.10 169.44 342.66 168.98 351.13 169.48
  Q 390.97 171.82 424.41 185.62
  C 439.55 191.87 454.59 202.14 466.59 214.44
  Q 484.15 232.46 494.25 254.00
  Q 498.43 262.90 499.77 265.26
  Z"
/>
<path fill="#88d404" d="
  M 808.01 324.51
  Q 803.31 319.89 799.01 315.48
  Q 797.19 313.61 786.52 305.01
  Q 779.07 299.00 773.40 295.33
  Q 741.18 274.49 704.76 266.25
  C 676.21 259.79 646.34 257.88 616.97 262.43
  Q 587.63 266.97 560.05 278.61
  Q 556.82 279.97 550.57 283.26
  Q 545.97 285.69 541.06 287.89
  Q 551.40 279.18 557.10 275.58
  C 563.07 271.82 568.42 267.89 574.18 264.81
  Q 588.07 257.37 588.11 257.35
  Q 602.56 250.60 619.45 246.20
  Q 622.84 245.32 635.45 243.00
  C 657.36 238.96 680.10 240.82 702.46 246.34
  C 737.46 254.97 769.45 273.71 792.46 301.28
  Q 802.30 313.06 808.01 324.51
  Z"
/>
<path fill="#88d404" d="
  M 487.29 299.49
  Q 486.50 297.45 484.03 296.48
  Q 479.92 294.86 475.03 292.27
  C 447.16 277.48 416.74 268.32 385.24 267.13
  Q 304.79 264.10 236.76 306.76
  Q 231.30 310.19 218.89 319.45
  Q 227.20 306.73 233.98 299.22
  Q 250.92 280.47 274.06 267.13
  C 305.49 249.01 342.92 241.89 379.21 245.28
  C 404.33 247.63 427.17 255.13 448.35 268.19
  Q 460.62 275.76 476.14 288.12
  Q 482.21 292.96 488.36 299.04
  A 0.33 0.33 0.0 0 1 488.13 299.61
  Q 487.63 299.62 487.29 299.49
  Z"
/>
<path fill="#298a05" d="
  M 808.01 324.51
  L 811.41 330.78
  A 0.57 0.56 80.1 0 1 810.83 331.61
  L 745.77 321.46
  A 3.35 3.33 -12.1 0 1 743.50 320.00
  Q 732.26 303.02 727.51 295.97
  Q 726.33 294.21 724.19 292.09
  Q 723.06 290.97 722.12 291.07
  A 2.36 2.20 -89.1 0 0 720.18 293.09
  Q 719.69 296.69 720.24 300.00
  Q 721.86 309.78 723.13 319.46
  A 0.69 0.68 -89.1 0 1 722.34 320.23
  Q 712.77 318.64 708.83 317.84
  Q 707.53 317.58 706.44 315.30
  Q 704.79 311.82 696.83 296.70
  Q 695.24 293.67 693.10 291.31
  A 1.85 1.78 -11.2 0 0 692.32 290.81
  Q 691.96 290.69 691.90 290.69
  A 1.60 1.59 5.3 0 0 690.18 292.11
  L 688.09 312.86
  A 0.49 0.48 6.8 0 1 687.54 313.29
  Q 685.59 313.02 684.50 312.77
  Q 639.13 302.36 596.05 296.47
  Q 570.63 292.99 543.46 291.83
  Q 541.46 291.74 538.53 291.12
  A 0.47 0.47 0.0 0 1 538.23 290.39
  Q 539.51 288.51 541.06 287.89
  Q 545.97 285.69 550.57 283.26
  Q 556.82 279.97 560.05 278.61
  Q 587.63 266.97 616.97 262.43
  C 646.34 257.88 676.21 259.79 704.76 266.25
  Q 741.18 274.49 773.40 295.33
  Q 779.07 299.00 786.52 305.01
  Q 797.19 313.61 799.01 315.48
  Q 803.31 319.89 808.01 324.51
  Z"
/>
<path fill="#298a05" d="
  M 487.29 299.49
  Q 485.15 300.23 483.01 300.37
  Q 462.59 301.68 449.00 303.74
  Q 410.87 309.53 391.16 312.76
  A 1.12 1.12 0.0 0 1 389.88 311.45
  Q 392.23 299.28 392.85 290.86
  C 393.11 287.31 389.48 286.86 388.31 289.45
  Q 383.50 300.06 379.81 307.84
  Q 379.14 309.24 377.06 312.31
  C 375.60 314.47 374.54 314.07 372.32 314.25
  Q 342.68 316.65 318.56 317.66
  A 1.37 1.37 0.0 0 1 317.16 316.00
  Q 320.54 300.35 322.40 289.92
  C 323.16 285.61 318.85 284.41 317.00 287.57
  C 313.62 293.33 309.92 298.52 306.88 304.01
  Q 303.97 309.25 299.47 315.55
  A 2.33 2.33 0.0 0 1 297.87 316.51
  L 215.77 326.48
  A 0.62 0.61 7.5 0 1 215.12 325.64
  Q 216.65 321.96 218.89 319.45
  Q 231.30 310.19 236.76 306.76
  Q 304.79 264.10 385.24 267.13
  C 416.74 268.32 447.16 277.48 475.03 292.27
  Q 479.92 294.86 484.03 296.48
  Q 486.50 297.45 487.29 299.49
  Z"
/>
<path fill="#7d3516" d="
  M 519.61 334.43
  C 519.31 329.46 518.78 325.48 517.15 320.90
  Q 516.25 318.37 515.30 315.32
  A 4.53 4.51 -41.3 0 1 515.52 312.04
  Q 517.08 308.68 519.79 305.85
  C 525.45 299.96 539.01 297.76 546.01 302.42
  Q 561.07 312.45 556.82 329.52
  C 554.45 339.02 544.14 343.77 534.74 343.27
  Q 526.76 342.85 520.83 337.11
  A 4.07 4.05 -69.6 0 1 519.61 334.43
  Z
  M 542.3311 307.7310
  A 11.42 7.88 -18.0 0 0 529.0349 303.7657
  A 11.42 7.88 -18.0 0 0 520.6089 314.7890
  A 11.42 7.88 -18.0 0 0 533.9051 318.7543
  A 11.42 7.88 -18.0 0 0 542.3311 307.7310
  Z"
/>
<ellipse fill="#dfa038" cx="0.00" cy="0.00" transform="translate(531.47,311.26) rotate(-18.0)" rx="11.42" ry="7.88"/>
<path fill="#88d404" d="
  M 735.77 454.36
  Q 734.25 452.94 733.43 450.92
  Q 732.10 447.66 731.77 447.14
  C 729.99 444.35 727.81 440.93 726.10 437.67
  C 716.97 420.26 706.00 404.47 693.86 389.48
  Q 679.78 372.10 663.24 357.63
  Q 646.27 342.78 631.76 335.46
  C 611.65 325.32 587.99 318.15 565.91 313.65
  L 562.13 306.70
  A 0.58 0.58 0.0 0 1 562.67 305.84
  C 586.40 307.15 610.74 310.32 632.87 318.12
  C 656.98 326.62 679.46 341.98 696.45 361.85
  C 718.84 388.05 731.83 420.09 735.77 454.36
  Z"
/>
<path fill="#7d3516" d="
  M 506.22 351.87
  C 497.14 364.52 476.44 369.89 464.49 356.84
  C 458.01 349.75 458.21 337.41 461.52 329.00
  Q 462.73 325.92 465.22 322.45
  Q 467.71 318.97 470.25 316.83
  C 477.15 311.01 488.78 306.87 497.57 310.74
  C 513.76 317.88 515.31 339.21 506.22 351.87
  Z
  M 475.65 316.83
  Q 473.68 318.08 472.94 318.78
  C 467.95 323.57 462.80 334.07 473.08 336.65
  C 476.96 337.63 482.53 334.69 485.70 332.68
  C 488.87 330.67 493.90 326.89 494.68 322.96
  C 496.73 312.56 485.04 312.74 478.58 315.21
  Q 477.62 315.58 475.65 316.83
  Z"
/>
<path fill="#88d404" d="
  M 456.83 318.52
  Q 453.71 319.58 452.02 319.80
  Q 439.17 321.44 428.47 324.50
  Q 426.50 325.06 416.60 327.94
  C 400.20 332.72 384.34 340.03 369.76 348.28
  C 365.16 350.88 360.98 353.85 356.81 356.37
  Q 352.83 358.78 347.41 362.91
  Q 322.91 381.53 305.55 406.31
  Q 292.71 424.64 283.52 445.68
  Q 289.10 405.46 312.03 372.91
  Q 316.54 366.50 322.01 360.52
  Q 328.78 353.09 333.25 349.23
  Q 341.50 342.11 351.17 335.43
  Q 357.66 330.96 369.50 325.11
  A 5.04 4.92 27.9 0 1 371.13 324.63
  Q 377.99 323.83 379.04 323.81
  Q 383.54 323.73 386.94 323.06
  Q 395.40 321.39 417.67 318.21
  C 428.87 316.60 442.00 314.20 453.52 313.06
  Q 457.38 312.68 460.89 312.63
  A 0.25 0.25 0.0 0 1 461.09 313.04
  L 456.83 318.52
  Z"
/>
<path fill="#dfa038" d="
  M 485.70 332.68
  C 482.53 334.69 476.96 337.63 473.08 336.65
  C 462.80 334.07 467.95 323.57 472.94 318.78
  Q 473.68 318.08 475.65 316.83
  Q 477.62 315.58 478.58 315.21
  C 485.04 312.74 496.73 312.56 494.68 322.96
  C 493.90 326.89 488.87 330.67 485.70 332.68
  Z"
/>
<path fill="#197d08" d="
  M 735.77 454.36
  Q 736.30 456.07 736.13 458.13
  A 0.72 0.72 0.0 0 1 735.06 458.70
  C 716.75 448.46 699.98 438.40 679.38 426.39
  Q 656.48 413.02 649.75 408.79
  Q 648.25 407.84 648.06 405.43
  Q 646.75 388.13 646.04 372.25
  C 645.91 369.55 645.57 365.11 643.84 362.80
  A 1.58 1.58 0.0 0 0 641.44 362.66
  Q 639.92 364.26 639.08 366.31
  Q 634.54 377.36 631.77 385.79
  Q 630.54 389.54 628.79 392.74
  A 0.96 0.96 0.0 0 1 627.30 392.99
  C 617.55 384.04 607.26 375.07 596.46 367.05
  A 2.70 2.69 21.0 0 1 595.39 364.66
  C 596.73 349.56 586.78 336.94 573.47 330.75
  Q 569.28 328.79 568.16 328.30
  A 1.56 1.56 0.0 0 1 567.24 326.79
  Q 567.62 320.28 565.91 313.65
  C 587.99 318.15 611.65 325.32 631.76 335.46
  Q 646.27 342.78 663.24 357.63
  Q 679.78 372.10 693.86 389.48
  C 706.00 404.47 716.97 420.26 726.10 437.67
  C 727.81 440.93 729.99 444.35 731.77 447.14
  Q 732.10 447.66 733.43 450.92
  Q 734.25 452.94 735.77 454.36
  Z"
/>
<path fill="#197d08" d="
  M 456.83 318.52
  C 455.55 322.16 453.06 326.04 452.03 328.78
  Q 447.38 341.23 451.29 354.39
  A 2.19 2.19 0.0 0 1 450.40 356.85
  Q 446.09 359.72 445.42 360.22
  Q 444.92 360.59 424.83 373.99
  C 417.54 378.85 410.77 384.08 404.60 388.33
  Q 398.85 392.30 396.58 394.14
  A 0.95 0.94 53.7 0 1 395.19 393.92
  Q 391.99 389.07 391.14 387.12
  Q 387.96 379.81 382.88 370.92
  Q 381.98 369.33 380.46 369.06
  A 1.59 1.57 -57.8 0 0 379.27 369.34
  Q 377.85 370.37 377.81 372.32
  Q 377.35 394.03 377.50 403.75
  C 377.54 405.86 377.07 406.54 375.12 407.50
  Q 366.21 411.88 357.51 416.74
  Q 356.72 417.19 355.10 417.77
  A 1.19 1.19 0.0 0 1 353.52 416.79
  Q 351.33 399.03 349.75 388.24
  A 1.75 1.56 75.0 0 0 347.56 386.80
  Q 346.82 387.12 346.38 388.21
  Q 346.33 388.32 345.78 389.41
  Q 342.97 394.89 341.11 400.86
  Q 336.24 416.47 333.02 427.28
  A 4.22 4.22 0.0 0 1 331.21 429.64
  Q 317.30 438.21 297.28 450.02
  Q 291.78 453.26 282.94 457.59
  A 0.52 0.51 -9.6 0 1 282.20 457.07
  L 283.52 445.68
  Q 292.71 424.64 305.55 406.31
  Q 322.91 381.53 347.41 362.91
  Q 352.83 358.78 356.81 356.37
  C 360.98 353.85 365.16 350.88 369.76 348.28
  C 384.34 340.03 400.20 332.72 416.60 327.94
  Q 426.50 325.06 428.47 324.50
  Q 439.17 321.44 452.02 319.80
  Q 453.71 319.58 456.83 318.52
  Z"
/>
<path fill="#7d3516" d="
  M 562.71 337.19
  A 1.26 1.25 -70.4 0 1 564.10 336.52
  C 572.76 338.44 582.15 344.43 584.48 353.41
  C 587.17 363.75 584.69 373.12 575.46 378.72
  Q 568.78 382.77 561.00 382.13
  A 1.17 1.16 11.0 0 1 559.98 380.63
  Q 563.59 369.04 560.44 357.79
  Q 558.46 350.70 556.09 346.26
  A 1.02 1.01 -32.2 0 1 556.39 344.97
  Q 560.31 342.06 562.71 337.19
  Z"
/>
<path fill="#7d3516" d="
  M 500.19 368.31
  A 1.23 1.21 -19.2 0 1 500.74 367.19
  Q 512.37 359.68 518.02 346.89
  A 1.51 1.50 28.3 0 1 520.21 346.24
  Q 532.95 354.45 547.91 349.76
  A 1.10 1.09 65.1 0 1 549.16 350.22
  Q 553.92 357.81 553.59 366.60
  C 553.15 378.47 547.26 390.04 535.96 394.70
  C 531.16 396.67 526.53 396.14 521.46 394.80
  C 512.89 392.52 508.23 387.05 503.70 379.36
  Q 500.72 374.29 500.19 368.31
  Z
  M 510.56 385.53
  C 512.91 386.37 517.10 386.31 516.24 382.74
  Q 515.18 378.34 512.76 374.21
  A 0.66 0.58 27.6 0 1 512.68 374.00
  L 512.08 369.91
  A 1.55 1.55 0.0 0 0 509.96 368.70
  Q 506.03 370.28 505.58 374.42
  Q 505.07 379.22 506.39 381.59
  Q 508.09 384.64 510.56 385.53
  Z"
/>
<path fill="#298a05" d="
  M 467.07 372.46
  C 464.98 373.73 460.80 376.93 459.61 372.95
  Q 458.60 369.57 459.01 366.41
  A 0.40 0.40 0.0 0 1 459.71 366.20
  Q 462.59 369.59 467.00 371.50
  A 0.54 0.54 0.0 0 1 467.07 372.46
  Z"
/>
<path fill="#dfa038" d="
  M 516.24 382.74
  C 517.10 386.31 512.91 386.37 510.56 385.53
  Q 508.09 384.64 506.39 381.59
  Q 505.07 379.22 505.58 374.42
  Q 506.03 370.28 509.96 368.70
  A 1.55 1.55 0.0 0 1 512.08 369.91
  L 512.68 374.00
  A 0.66 0.58 27.6 0 0 512.76 374.21
  Q 515.18 378.34 516.24 382.74
  Z"
/>
<path fill="#b27218" d="
  M 503.50 395.50
  L 501.29 417.93
  Q 493.44 418.08 487.84 419.61
  A 0.87 0.87 0.0 0 1 486.74 418.66
  L 491.68 377.75
  A 0.23 0.22 -61.2 0 1 492.08 377.63
  Q 492.88 378.66 495.61 385.10
  Q 497.31 389.12 503.50 395.50
  Z"
/>
<path fill="#a65b15" d="
  M 501.29 417.93
  L 503.50 395.50
  Q 510.92 402.51 520.69 405.20
  A 0.97 0.97 0.0 0 1 521.40 406.16
  L 520.99 419.77
  A 0.96 0.95 9.5 0 1 519.75 420.65
  Q 509.96 417.63 501.29 417.93
  Z"
/>
<path fill="#a65b15" d="
  M 498.73 467.15
  L 501.23 427.50
  A 0.69 0.69 0.0 0 0 500.77 426.81
  Q 500.10 426.58 499.29 426.63
  Q 509.99 426.14 520.03 430.23
  A 0.84 0.84 0.0 0 1 520.55 431.02
  L 519.39 468.77
  A 0.70 0.69 8.0 0 1 518.52 469.42
  Q 508.14 466.70 498.73 467.15
  Z"
/>
<path fill="#b27218" d="
  M 499.29 426.63
  Q 500.10 426.58 500.77 426.81
  A 0.69 0.69 0.0 0 1 501.23 427.50
  L 498.73 467.15
  Q 489.61 467.30 482.50 469.41
  A 0.78 0.78 0.0 0 1 481.50 468.58
  L 485.42 430.85
  A 2.18 2.18 0.0 0 1 487.18 428.94
  L 499.29 426.63
  Z"
/>
<path fill="#dfa038" d="
  M 498.29 475.79
  L 496.49 523.72
  Q 486.11 524.52 477.12 526.61
  A 0.30 0.30 0.0 0 1 476.75 526.29
  L 480.14 479.83
  A 1.14 1.14 0.0 0 1 480.89 478.85
  Q 489.38 475.73 498.29 475.79
  Z"
/>
<path fill="#b27218" d="
  M 496.49 523.72
  L 498.29 475.79
  Q 509.33 475.43 519.26 478.98
  A 0.43 0.43 0.0 0 1 519.55 479.39
  L 519.55 525.55
  A 0.48 0.48 0.0 0 1 518.95 526.01
  Q 507.46 523.14 496.49 523.72
  Z"
/>
<path fill="#dfa038" d="
  M 496.63 532.46
  Q 496.15 535.91 496.07 539.25
  Q 495.49 562.69 495.18 586.25
  Q 483.45 586.99 472.81 590.01
  A 0.71 0.70 -5.8 0 1 471.91 589.28
  L 475.74 536.84
  A 1.16 1.15 -7.0 0 1 476.55 535.81
  Q 486.53 532.64 496.63 532.46
  Z"
/>
<path fill="#b27218" d="
  M 495.18 586.25
  Q 495.49 562.69 496.07 539.25
  Q 496.15 535.91 496.63 532.46
  Q 508.53 531.75 519.29 534.89
  A 0.78 0.78 0.0 0 1 519.85 535.61
  L 521.73 587.86
  A 0.30 0.29 -85.3 0 1 521.38 588.16
  Q 508.20 585.36 495.18 586.25
  Z"
/>
<path fill="#dfa038" d="
  M 495.30 595.09
  Q 494.95 623.05 495.41 651.00
  Q 495.45 653.63 495.74 656.29
  Q 481.59 657.20 467.58 660.78
  A 0.55 0.54 84.7 0 1 466.90 660.21
  L 471.27 600.35
  A 1.36 1.36 0.0 0 1 472.25 599.14
  Q 483.79 595.76 495.30 595.09
  Z"
/>
<path fill="#b27218" d="
  M 495.74 656.29
  Q 495.45 653.63 495.41 651.00
  Q 494.95 623.05 495.30 595.09
  Q 508.62 594.35 521.69 596.80
  A 1.23 1.23 0.0 0 1 522.68 597.90
  Q 523.59 609.12 523.85 616.30
  C 524.40 631.22 525.67 641.79 526.88 658.00
  A 0.44 0.43 -86.5 0 1 526.37 658.46
  Q 511.30 655.61 495.74 656.29
  Z"
/>
<path fill="#b27218" d="
  M 497.02 726.95
  Q 496.87 698.98 495.97 671.00
  Q 495.89 668.58 496.43 665.30
  Q 512.17 664.06 527.29 667.59
  A 0.35 0.34 3.4 0 1 527.57 667.90
  L 533.03 728.36
  A 0.48 0.48 0.0 0 1 532.48 728.88
  Q 514.42 725.83 497.02 726.95
  Z"
/>
<path fill="#dfa038" d="
  M 496.43 665.30
  Q 495.89 668.58 495.97 671.00
  Q 496.87 698.98 497.02 726.95
  C 485.60 727.82 474.22 729.23 463.62 732.92
  A 0.63 0.63 0.0 0 1 462.79 732.29
  L 466.22 671.56
  A 1.70 1.70 0.0 0 1 467.41 670.04
  Q 481.57 665.74 496.43 665.30
  Z"
/>
<path fill="#7d3516" d="
  M 499.20 794.96
  L 497.71 736.24
  A 0.57 0.56 1.1 0 0 497.19 735.70
  L 496.54 735.66
  Q 514.44 734.58 533.03 737.81
  A 1.51 1.50 1.8 0 1 534.28 739.13
  L 540.40 795.67
  A 0.71 0.70 1.3 0 1 539.59 796.44
  Q 519.62 793.27 499.20 794.96
  Z"
/>
<path fill="#a65b15" d="
  M 496.54 735.66
  L 497.19 735.70
  A 0.57 0.56 1.1 0 1 497.71 736.24
  L 499.20 794.96
  Q 480.14 797.04 462.20 802.50
  A 1.28 1.28 0.0 0 1 460.54 801.24
  L 462.32 743.06
  A 1.21 1.19 82.6 0 1 463.16 741.95
  Q 479.56 736.82 496.54 735.66
  Z"
/>
<path fill="#7d3516" d="
  M 501.28 868.30
  Q 502.40 865.57 502.23 862.80
  Q 500.60 836.73 499.80 810.53
  Q 499.71 807.62 499.03 804.77
  A 0.73 0.72 -3.8 0 0 498.39 804.22
  L 497.18 804.11
  Q 519.54 801.29 541.18 805.66
  A 0.77 0.76 1.7 0 1 541.78 806.29
  L 550.83 867.37
  A 0.76 0.75 -4.3 0 1 550.09 868.23
  L 501.28 868.30
  Z"
/>
<path fill="#a65b15" d="
  M 497.18 804.11
  L 498.39 804.22
  A 0.73 0.72 -3.8 0 1 499.03 804.77
  Q 499.71 807.62 499.80 810.53
  Q 500.60 836.73 502.23 862.80
  Q 502.40 865.57 501.28 868.30
  L 462.40 868.21
  A 1.24 1.24 0.0 0 1 461.16 866.99
  L 460.27 813.79
  A 2.17 2.16 80.7 0 1 461.77 811.70
  Q 479.12 806.12 497.18 804.11
  Z"
/>
</svg>
