<?xml version="1.0" encoding="UTF-8" standalone="no"?>
<!DOCTYPE svg PUBLIC "-//W3C//DTD SVG 1.1//EN" "http://www.w3.org/Graphics/SVG/1.1/DTD/svg11.dtd">
<svg xmlns="http://www.w3.org/2000/svg" version="1.1" viewBox="0.00 0.00 1536.00 1024.00">
<g stroke-width="2.00" fill="none" stroke-linecap="butt">
<path stroke="#4397ed" vector-effect="non-scaling-stroke" d="
  M 1536.00 133.09
  Q 1515.16 134.82 1506.40 134.52
  C 1482.76 133.71 1455.97 133.83 1435.57 133.45
  Q 1414.01 133.05 1404.74 132.37
  Q 1370.63 129.89 1322.80 130.44
  Q 1305.49 130.64 1291.21 132.28
  Q 1265.46 135.24 1256.88 135.91
  Q 1246.59 136.71 1238.17 136.23
  C 1225.50 135.50 1210.58 132.38 1197.02 133.11
  C 1186.56 133.67 1175.20 135.06 1165.49 134.37
  C 1159.16 133.91 1150.40 133.23 1143.18 133.03
  Q 1124.88 132.53 1124.12 132.49
  C 1110.31 131.76 1087.51 128.35 1070.75 128.89
  Q 1035.16 130.02 1012.20 130.37
  C 997.04 130.59 989.05 131.46 971.17 133.02
  C 954.54 134.48 942.03 133.97 922.01 133.58
  Q 913.68 133.42 889.11 134.79
  C 866.38 136.05 849.08 137.00 834.05 137.01
  Q 803.42 137.01 787.62 137.79
  Q 758.86 139.21 749.24 139.30
  Q 735.58 139.42 728.37 138.90
  Q 696.46 136.62 690.72 136.57
  Q 661.79 136.29 637.73 135.69
  C 606.09 134.89 586.05 136.96 546.48 139.94
  C 520.09 141.93 503.44 140.80 466.98 139.75
  C 458.49 139.51 442.35 137.38 428.82 136.86
  C 412.99 136.24 395.10 137.59 386.68 137.71
  C 374.10 137.89 363.57 137.12 351.02 136.32
  C 333.42 135.21 316.45 136.59 297.23 136.76
  C 284.70 136.86 273.17 137.04 260.08 137.85
  Q 244.79 138.80 230.01 139.73
  Q 193.74 142.00 153.74 139.07
  Q 139.60 138.03 128.72 138.89
  Q 100.43 141.14 96.76 141.38
  C 74.14 142.88 55.27 141.50 29.25 140.07
  C 17.73 139.44 8.81 138.15 0.00 131.17"
/>
<path stroke="#52a2f1" vector-effect="non-scaling-stroke" d="
  M 1536.00 240.09
  Q 1510.94 245.19 1502.86 246.55
  Q 1490.12 248.69 1482.16 248.85
  C 1450.45 249.45 1437.36 249.79 1410.38 249.70
  Q 1378.56 249.60 1355.61 250.41
  Q 1340.46 250.94 1327.77 253.80
  C 1320.95 255.33 1311.12 258.96 1303.39 260.70
  Q 1291.14 263.45 1278.60 266.61
  Q 1266.74 269.60 1261.16 272.05
  Q 1251.60 276.25 1246.79 277.85
  Q 1242.41 279.31 1237.42 278.43"
/>
<path stroke="#74a6d3" vector-effect="non-scaling-stroke" d="
  M 1237.42 278.43
  Q 1245.93 265.50 1249.48 252.91
  Q 1259.49 217.46 1240.90 184.61
  Q 1233.38 171.33 1219.55 160.38
  C 1216.11 157.65 1212.96 156.19 1209.61 153.96
  C 1192.37 142.47 1166.88 140.00 1147.51 144.28
  Q 1139.32 146.08 1134.98 148.21
  C 1128.69 151.29 1123.71 153.32 1118.24 157.04
  Q 1098.96 170.13 1088.99 190.81
  Q 1076.21 217.33 1082.21 246.86
  Q 1084.22 256.71 1089.57 267.98
  C 1091.61 272.29 1094.73 276.41 1097.47 280.51"
/>
<path stroke="#52a2f1" vector-effect="non-scaling-stroke" d="
  M 1097.47 280.51
  Q 1091.22 279.37 1086.11 275.05
  Q 1082.74 272.21 1069.88 261.02
  C 1055.23 248.27 1033.31 242.96 1013.36 243.60
  Q 1008.43 243.75 997.77 244.46
  C 976.91 245.86 954.48 242.89 939.40 243.22
  Q 913.26 243.80 894.95 243.74
  C 877.90 243.69 862.54 244.08 849.11 245.11
  Q 810.49 248.08 792.76 249.03
  Q 769.73 250.25 760.64 249.87
  Q 727.27 248.46 724.49 248.37
  C 705.88 247.81 688.91 248.51 670.91 250.03
  C 641.61 252.49 612.70 249.70 583.64 246.96
  Q 574.08 246.05 565.19 246.38
  C 543.83 247.17 525.20 249.19 494.67 251.97
  C 469.22 254.28 443.16 252.28 416.67 250.61
  Q 403.40 249.78 392.05 253.96"
/>
<path stroke="#a4cdf7" vector-effect="non-scaling-stroke" d="
  M 392.05 253.96
  Q 380.00 222.22 352.57 202.66
  Q 322.54 181.24 285.67 181.05
  C 270.97 180.97 256.60 184.27 243.11 189.87
  Q 226.22 196.90 213.48 208.59"
/>
<path stroke="#8ac1f5" vector-effect="non-scaling-stroke" d="
  M 213.48 208.59
  Q 186.31 232.40 181.94 267.67
  A 0.33 0.32 88.9 0 1 181.68 267.95
  Q 163.16 271.74 155.38 289.57"
/>
<path stroke="#a4cdf7" vector-effect="non-scaling-stroke" d="
  M 155.38 289.57
  Q 152.59 285.06 151.43 283.58
  Q 142.95 272.83 131.39 267.82
  Q 107.57 257.50 83.24 268.28
  Q 79.05 270.14 74.75 273.50"
/>
<path stroke="#52a2f1" vector-effect="non-scaling-stroke" d="
  M 74.75 273.50
  Q 37.43 268.72 0.00 266.23"
/>
<path stroke="#7dadd5" vector-effect="non-scaling-stroke" d="
  M 1237.42 278.43
  Q 1229.24 288.86 1224.19 293.20
  Q 1216.70 299.63 1202.41 306.76
  Q 1196.85 309.53 1190.23 311.28
  Q 1161.72 318.80 1134.76 308.47
  C 1123.40 304.12 1114.06 297.27 1104.91 289.13
  C 1102.32 286.83 1099.84 283.41 1097.47 280.51"
/>
<path stroke="#acd4f8" vector-effect="non-scaling-stroke" d="
  M 392.05 253.96
  Q 397.71 270.13 398.77 287.41
  A 0.51 0.50 81.7 0 0 399.38 287.87
  Q 411.71 285.09 420.98 285.82
  Q 447.54 287.91 468.23 302.85
  C 483.70 314.01 494.88 330.65 498.27 349.08
  A 0.83 0.82 -7.5 0 0 499.16 349.76
  Q 513.98 348.45 528.68 353.38
  Q 537.93 356.48 547.69 364.58
  Q 561.22 375.80 567.02 391.61"
/>
<path stroke="#b2d8fa" vector-effect="non-scaling-stroke" d="
  M 567.02 391.61
  Q 570.58 400.65 569.96 410.40
  A 0.44 0.44 0.0 0 0 570.52 410.85
  C 589.51 405.35 612.27 414.64 627.69 425.83
  Q 632.33 429.20 633.87 433.27"
/>
<path stroke="#e4f3fd" vector-effect="non-scaling-stroke" d="
  M 633.87 433.27
  Q 610.93 431.38 589.25 431.05
  Q 585.14 430.99 578.81 429.94
  A 8.65 8.10 46.9 0 0 577.13 429.83
  Q 570.53 430.03 560.25 428.80
  Q 556.92 428.40 553.78 429.31
  Q 551.96 429.83 550.12 429.49
  Q 543.69 428.29 539.03 428.10
  A 0.60 0.59 1.1 0 1 538.46 427.52
  Q 538.34 422.42 536.02 416.69
  C 527.02 394.47 504.95 380.91 481.68 377.26
  Q 465.49 374.72 449.53 379.24
  A 1.00 0.98 53.4 0 1 448.72 379.11
  C 444.54 376.28 437.21 372.00 432.35 373.95
  A 0.42 0.42 0.0 0 1 431.78 373.63
  Q 430.74 366.17 426.79 359.67
  C 410.88 333.51 381.42 320.67 351.27 324.63
  Q 318.84 328.90 301.49 356.32
  A 1.33 1.33 0.0 0 1 299.74 356.78
  C 294.00 353.70 286.11 352.16 281.54 357.83
  A 0.75 0.75 0.0 0 0 281.82 358.98
  Q 289.28 362.36 296.34 368.10
  A 0.33 0.33 0.0 0 1 296.06 368.68
  C 288.52 367.06 281.86 368.74 275.17 372.08
  A 4.43 4.28 26.7 0 1 273.88 372.48
  C 266.04 373.59 260.58 372.58 252.70 370.86
  Q 242.69 368.67 232.80 371.02
  A 0.15 0.15 0.0 0 1 232.67 370.77
  Q 242.07 362.04 253.82 358.44
  C 255.83 357.82 258.93 358.28 259.80 355.83
  A 1.26 1.24 10.3 0 1 261.01 355.00
  Q 262.67 355.05 263.18 354.73
  A 0.39 0.39 0.0 0 0 262.93 354.01
  Q 258.79 354.45 258.00 352.23
  C 254.39 342.10 247.27 332.60 238.55 325.73
  Q 232.71 321.13 229.68 319.36
  Q 217.07 312.01 201.54 310.49
  Q 188.68 309.24 173.00 315.16
  A 1.07 1.06 46.9 0 1 172.17 315.13
  Q 171.10 314.62 170.24 313.30
  A 0.84 0.83 48.1 0 1 170.29 312.32
  Q 176.52 304.56 180.55 301.55
  Q 194.89 290.87 213.32 289.99
  Q 227.36 289.31 240.90 294.60
  Q 252.71 299.21 262.06 307.70
  A 0.38 0.38 0.0 0 0 262.70 307.40
  C 262.44 296.45 256.54 285.40 249.05 277.77
  A 8.37 8.23 84.8 0 0 247.88 276.78
  Q 242.62 273.14 236.21 268.29
  Q 222.65 258.04 217.78 241.98
  Q 212.92 225.99 213.48 208.59"
/>
<path stroke="#98cdf8" vector-effect="non-scaling-stroke" d="
  M 633.87 433.27
  Q 630.33 437.44 623.94 438.21
  Q 606.40 440.31 593.78 440.61
  Q 589.78 440.70 585.62 441.02
  Q 582.34 441.28 577.41 441.36
  Q 475.07 443.00 363.75 441.38
  Q 317.72 440.71 309.00 440.41
  Q 300.63 440.12 299.01 439.99
  C 296.39 439.77 290.46 440.15 285.25 439.77
  Q 284.27 439.70 250.73 438.79
  Q 238.49 438.46 217.25 436.97
  C 215.22 436.83 212.13 437.04 209.63 436.66
  Q 205.20 435.98 200.83 435.73
  A 0.52 0.52 0.0 0 1 200.64 434.74
  Q 201.69 434.24 202.70 434.09
  Q 231.27 429.91 259.66 421.08
  Q 280.62 414.56 300.99 405.29
  A 0.30 0.30 0.0 0 0 300.86 404.71
  Q 271.85 405.00 267.29 405.11
  C 242.62 405.74 220.86 405.00 191.23 405.21
  Q 180.00 405.29 148.77 405.19
  Q 108.25 405.06 64.17 404.80
  C 54.27 404.74 42.53 404.05 34.50 404.01
  Q 7.20 403.88 0.00 403.68"
/>
<path stroke="#e4f3fd" vector-effect="non-scaling-stroke" d="
  M 0.00 341.33
  Q 14.16 334.33 30.25 335.28
  Q 32.16 335.39 41.29 337.21
  A 3.77 3.77 0.0 0 0 42.73 337.21
  Q 46.87 336.41 50.00 336.84
  A 1.02 1.02 0.0 0 0 51.04 336.32
  Q 56.90 325.79 67.39 320.65
  A 0.50 0.50 0.0 0 0 67.41 319.76
  Q 65.84 318.89 61.08 315.19
  Q 59.76 314.17 54.82 312.09
  A 1.95 1.93 -3.4 0 1 53.92 311.30
  Q 53.26 310.14 53.25 309.11"
/>
<path stroke="#92c8f7" vector-effect="non-scaling-stroke" d="
  M 53.25 309.11
  Q 53.75 304.50 54.69 301.43
  Q 58.40 289.29 67.21 280.22"
/>
<path stroke="#e4f3fd" vector-effect="non-scaling-stroke" d="
  M 67.21 280.22
  Q 70.43 285.05 69.76 290.75
  A 2.31 2.27 -55.5 0 0 69.98 292.00
  C 73.79 299.65 81.92 305.32 86.06 311.18
  A 1.13 1.12 72.8 0 0 86.96 311.66
  Q 99.48 311.95 104.55 312.83
  Q 129.73 317.19 144.84 338.04
  A 0.56 0.55 -37.1 0 0 145.64 338.15
  Q 148.88 335.53 151.74 332.81
  C 161.33 323.69 162.61 309.49 158.03 297.45
  Q 155.70 291.33 155.38 289.57"
/>
<path stroke="#acd4f8" vector-effect="non-scaling-stroke" d="
  M 1536.00 298.73
  L 1526.62 298.75
  A 3.93 3.77 -52.6 0 0 1525.46 298.93
  C 1523.16 299.63 1520.91 299.28 1518.28 299.61
  Q 1497.94 302.09 1481.23 309.46
  Q 1443.95 325.91 1425.34 362.68"
/>
<path stroke="#92c8f7" vector-effect="non-scaling-stroke" d="
  M 1425.34 362.68
  Q 1418.11 377.63 1415.26 395.94"
/>
<path stroke="#acd4f8" vector-effect="non-scaling-stroke" d="
  M 1415.26 395.94
  Q 1412.96 391.92 1408.97 389.25
  Q 1397.82 381.78 1385.68 378.60
  Q 1373.42 375.39 1360.17 377.16
  Q 1338.87 380.00 1321.68 394.21"
/>
<path stroke="#60aef4" vector-effect="non-scaling-stroke" d="
  M 1321.68 394.21
  C 1314.21 391.10 1305.35 390.63 1298.76 388.82
  C 1291.69 386.88 1281.99 382.53 1276.11 380.75
  Q 1262.06 376.48 1247.92 380.88
  C 1229.45 386.62 1218.03 391.15 1201.34 390.74
  C 1175.72 390.10 1158.29 390.56 1139.27 384.95
  C 1117.89 378.65 1105.51 374.02 1086.99 374.61
  Q 1073.56 375.04 1055.30 381.13
  Q 1043.73 384.99 1039.92 386.17
  Q 1025.52 390.61 1008.30 389.13
  Q 986.69 387.28 979.53 387.18
  Q 961.03 386.93 938.86 389.50
  Q 930.62 390.45 919.00 390.07
  Q 915.70 389.96 903.27 387.50
  C 890.70 385.02 876.87 384.87 863.40 385.27
  Q 848.54 385.70 838.17 387.26
  Q 816.53 390.53 815.01 390.69
  Q 804.81 391.76 799.24 390.69
  Q 793.26 389.53 787.01 388.00
  C 779.20 386.07 770.57 385.03 762.71 384.40
  Q 740.22 382.59 714.80 382.13
  C 698.88 381.84 688.27 382.62 670.05 383.80
  Q 650.22 385.09 637.31 383.28
  Q 629.47 382.18 609.69 379.38
  C 594.04 377.16 577.98 379.00 567.02 391.61"
/>
<path stroke="#acd4f8" vector-effect="non-scaling-stroke" d="
  M 67.21 280.22
  L 74.75 273.50"
/>
<path stroke="#acd4f8" vector-effect="non-scaling-stroke" d="
  M 53.25 309.11
  Q 41.30 305.08 30.26 306.01
  Q 18.81 306.98 6.56 311.03
  Q 4.12 311.83 0.00 313.95"
/>
<path stroke="#e4f3fd" vector-effect="non-scaling-stroke" d="
  M 1536.00 420.92
  Q 1526.50 420.32 1517.31 422.83
  Q 1502.87 426.76 1491.64 436.65
  Q 1487.12 440.63 1482.52 445.08
  C 1481.90 445.68 1480.85 445.79 1480.30 446.18
  A 0.63 0.62 52.6 0 0 1480.18 447.10
  C 1485.54 453.32 1487.97 461.63 1488.38 469.98
  A 0.23 0.23 0.0 0 1 1487.99 470.16
  Q 1479.85 462.45 1469.84 458.42
  Q 1453.82 451.97 1437.23 453.85
  Q 1414.17 456.46 1398.53 472.50
  A 0.41 0.41 0.0 0 1 1397.83 472.22
  C 1397.77 469.92 1397.82 466.11 1397.41 463.40
  Q 1396.97 460.54 1395.76 454.97
  A 2.59 2.56 61.5 0 1 1396.45 452.60
  L 1397.79 451.27
  A 0.43 0.42 2.0 0 0 1397.21 450.65
  Q 1395.22 452.38 1393.24 450.26
  Q 1382.57 438.80 1366.49 436.44
  C 1349.71 433.98 1333.14 439.86 1320.76 451.06
  A 0.38 0.37 84.9 0 1 1320.19 450.58
  Q 1320.63 449.86 1320.81 448.72
  A 1.13 1.13 0.0 0 0 1320.41 447.67
  Q 1316.54 444.51 1315.63 444.33
  Q 1305.93 442.41 1295.99 439.98"
/>
<path stroke="#b2d8fa" vector-effect="non-scaling-stroke" d="
  M 1295.99 439.98
  Q 1301.31 412.86 1321.68 394.21"
/>
<path stroke="#e4f3fd" vector-effect="non-scaling-stroke" d="
  M 1415.26 395.94
  Q 1421.43 404.83 1423.86 411.87
  Q 1427.40 422.13 1423.57 432.20
  A 0.41 0.41 0.0 0 0 1424.17 432.69
  Q 1441.57 421.55 1462.30 426.36
  Q 1466.89 427.42 1470.24 428.59
  A 1.25 1.24 24.4 0 0 1471.72 428.04
  Q 1475.86 420.83 1483.29 416.25
  Q 1490.05 412.08 1497.28 409.33
  A 0.67 0.67 0.0 0 0 1497.10 408.04
  Q 1477.47 406.22 1461.19 395.31
  Q 1455.10 391.23 1450.88 384.23
  C 1447.49 378.60 1445.08 374.90 1441.47 371.81
  Q 1434.65 365.98 1425.34 362.68"
/>
<path stroke="#98cdf8" vector-effect="non-scaling-stroke" d="
  M 1295.99 439.98
  Q 1294.29 451.83 1296.59 464.15
  A 0.99 0.99 0.0 0 1 1295.48 465.31
  C 1291.93 464.84 1289.01 463.25 1285.74 461.84"
/>
<path stroke="#b2d8fa" vector-effect="non-scaling-stroke" d="
  M 1285.74 461.84
  Q 1255.34 446.71 1222.24 455.64
  Q 1205.97 460.04 1195.63 467.62
  C 1184.22 475.98 1175.60 485.62 1170.84 499.09"
/>
<path stroke="#98cdf8" vector-effect="non-scaling-stroke" d="
  M 1170.84 499.09
  L 1168.58 503.80"
/>
<path stroke="#b2d8fa" vector-effect="non-scaling-stroke" d="
  M 1168.58 503.80
  Q 1163.21 501.19 1157.50 500.44
  C 1141.98 498.37 1125.92 501.69 1111.74 508.00
  Q 1096.61 514.72 1086.29 522.85"
/>
<path stroke="#72bcf8" vector-effect="non-scaling-stroke" d="
  M 1086.29 522.85
  Q 1087.54 519.18 1088.01 515.71
  C 1089.05 508.07 1080.39 507.38 1074.34 507.16
  C 1063.59 506.76 1053.03 506.57 1041.67 505.49
  C 1030.04 504.38 1011.89 501.68 994.52 502.63
  Q 970.31 503.96 963.17 503.82
  Q 917.32 502.92 896.35 503.11
  C 883.73 503.23 863.79 504.05 847.54 503.84
  C 836.52 503.71 820.55 503.17 806.76 503.68
  Q 784.95 504.49 764.51 504.66
  C 746.72 504.80 728.30 506.11 713.50 506.50
  C 699.67 506.87 684.49 506.46 672.83 506.10
  C 651.56 505.45 621.57 506.27 604.44 505.96
  Q 589.81 505.70 582.01 504.79
  Q 558.33 502.03 556.24 501.84
  C 541.63 500.44 528.34 500.57 514.60 501.32
  C 494.23 502.44 474.42 501.78 455.57 503.82
  C 436.04 505.93 425.37 507.25 410.46 506.40
  Q 386.98 505.06 366.62 504.82
  C 355.74 504.69 344.20 504.01 334.86 502.73
  C 316.31 500.18 301.51 498.63 284.83 499.51
  Q 267.69 500.41 247.31 503.60
  C 219.89 507.88 191.73 514.07 163.26 513.89
  Q 133.74 513.70 112.34 513.75
  Q 89.76 513.80 75.27 515.09
  Q 54.85 516.91 44.35 517.71
  C 29.13 518.87 14.79 517.23 0.00 516.95"
/>
<path stroke="#a4d6fb" vector-effect="non-scaling-stroke" d="
  M 1536.00 581.64
  Q 1484.13 582.25 1477.76 582.19
  Q 1437.77 581.80 1430.17 581.60
  Q 1409.78 581.08 1396.27 581.16
  Q 1390.45 581.19 1379.24 580.72
  Q 1365.67 580.15 1362.19 580.17
  Q 1361.25 580.18 1353.72 579.99
  A 0.25 0.24 -6.8 0 1 1353.50 579.82
  L 1353.43 579.54
  A 0.41 0.40 80.6 0 1 1353.79 579.03
  Q 1364.05 578.58 1372.22 577.15
  Q 1392.03 573.66 1414.51 567.22
  Q 1427.35 563.54 1438.68 558.94
  Q 1450.81 554.02 1461.95 548.35
  A 0.28 0.28 0.0 0 0 1461.81 547.82
  C 1451.77 548.47 1441.87 547.75 1430.72 547.77
  Q 1353.68 547.88 1340.50 547.77
  Q 1280.57 547.27 1243.25 547.21
  C 1239.89 547.20 1235.62 546.61 1231.91 546.71
  C 1216.15 547.16 1200.37 546.57 1184.41 546.67
  Q 1180.16 546.70 1173.60 546.21
  Q 1168.90 545.86 1162.75 546.12
  C 1160.83 546.20 1158.08 545.50 1155.96 545.51
  Q 1133.66 545.53 1108.50 544.13
  Q 1095.61 543.41 1087.14 542.11
  Q 1082.32 541.38 1077.62 538.30
  A 0.97 0.95 13.7 0 1 1077.18 537.60
  L 1076.85 534.86"
/>
<path stroke="#e4f3fd" vector-effect="non-scaling-stroke" d="
  M 1076.85 534.86
  Q 1083.40 534.13 1089.53 533.62
  C 1093.08 533.33 1097.55 531.82 1100.88 531.21
  Q 1108.41 529.82 1115.88 528.40
  Q 1135.63 524.67 1155.62 527.47
  A 4.65 4.65 0.0 0 0 1158.21 527.09
  Q 1164.10 524.40 1171.76 521.77
  Q 1175.87 520.35 1180.41 520.25
  A 0.33 0.33 0.0 0 0 1180.68 519.75
  Q 1177.80 515.25 1175.48 512.06
  C 1173.85 509.82 1170.40 507.12 1168.58 503.80"
/>
<path stroke="#e4f3fd" vector-effect="non-scaling-stroke" d="
  M 1170.84 499.09
  Q 1174.97 497.50 1178.27 497.87
  A 3.21 3.19 33.7 0 0 1180.15 497.50
  Q 1194.64 489.55 1211.01 488.49
  C 1227.27 487.44 1244.74 491.05 1258.67 499.62
  A 1.85 1.78 -29.4 0 0 1259.68 499.88
  C 1264.00 499.68 1267.18 495.85 1271.27 493.98
  Q 1284.65 487.87 1299.16 489.55
  A 0.72 0.72 0.0 0 0 1299.82 488.40
  C 1297.14 484.83 1293.12 482.71 1288.57 479.78
  C 1286.61 478.51 1285.55 476.62 1284.96 474.39
  Q 1283.20 467.71 1285.74 461.84"
/>
<path stroke="#bee2fc" vector-effect="non-scaling-stroke" d="
  M 1086.29 522.85
  Q 1080.36 527.94 1076.85 534.86"
/>
<path stroke="#bee2fc" vector-effect="non-scaling-stroke" d="
  M 1536.00 738.18
  L 1517.19 738.67
  A 0.86 0.85 73.6 0 1 1516.42 738.25
  C 1505.43 719.64 1483.85 710.29 1462.65 709.51
  Q 1460.48 709.43 1454.87 710.06
  Q 1449.03 710.70 1447.24 711.09
  A 0.70 0.70 0.0 0 1 1446.44 710.64
  Q 1437.31 684.50 1415.22 667.25
  C 1390.29 647.79 1360.00 638.69 1328.77 639.88
  Q 1328.30 639.90 1320.38 640.71
  Q 1303.99 642.39 1287.17 648.19
  Q 1269.65 654.23 1253.43 666.94
  Q 1237.17 679.67 1228.35 698.16
  C 1227.12 700.74 1226.16 703.68 1225.46 706.57
  A 0.44 0.44 0.0 0 1 1224.81 706.85
  Q 1221.10 704.77 1220.32 704.45
  Q 1194.02 693.60 1166.02 696.74
  Q 1151.67 698.36 1136.35 704.82
  Q 1114.74 713.93 1100.16 731.90
  Q 1094.23 739.21 1089.55 751.07"
/>
<path stroke="#8acdfc" vector-effect="non-scaling-stroke" d="
  M 1089.55 751.07
  C 1081.94 742.95 1074.46 737.71 1063.14 736.77
  C 1051.06 735.76 1038.88 737.76 1024.99 739.66
  C 1012.41 741.37 998.57 741.54 984.07 740.80
  C 961.83 739.67 941.75 739.85 919.42 738.62
  C 881.81 736.56 858.85 735.66 821.49 734.39
  Q 812.47 734.09 779.66 731.32
  C 766.60 730.22 754.69 729.87 743.57 730.86
  Q 718.60 733.09 705.55 733.68
  C 689.76 734.39 667.58 733.11 651.19 733.78
  C 636.15 734.39 618.76 736.23 603.85 735.50
  C 588.64 734.75 579.64 733.72 567.77 735.35
  Q 553.70 737.27 544.04 747.64"
/>
<path stroke="#bee2fc" vector-effect="non-scaling-stroke" d="
  M 544.04 747.64
  Q 520.31 737.31 494.65 739.38
  A 0.66 0.65 80.4 0 1 493.97 738.89
  C 487.30 712.91 462.85 697.56 437.48 694.16
  Q 419.13 691.69 401.59 698.37
  A 0.55 0.54 76.7 0 1 400.85 697.91
  C 399.96 689.60 395.28 680.67 390.30 674.47
  C 380.17 661.87 363.85 654.34 348.04 653.06
  Q 335.28 652.03 323.18 655.64
  Q 298.67 662.97 288.24 685.63
  A 0.61 0.60 33.3 0 1 287.29 685.82
  C 282.81 681.85 278.53 678.63 272.88 676.34
  Q 261.95 671.92 249.61 671.88
  A 0.56 0.55 0.0 0 1 249.05 671.33
  Q 248.80 646.92 240.27 627.17
  Q 226.41 595.05 196.16 575.10
  Q 181.09 565.15 165.40 560.37
  C 150.09 555.70 134.17 553.21 118.02 554.09
  Q 89.76 555.61 65.19 568.14
  Q 51.06 575.34 37.19 588.19
  Q 33.57 591.53 25.73 602.17"
/>
<path stroke="#a4d6fb" vector-effect="non-scaling-stroke" d="
  M 25.73 602.17
  Q 24.19 603.80 21.98 607.47
  Q 17.84 614.35 14.76 621.75
  A 0.49 0.48 12.5 0 1 14.28 622.05
  Q 6.70 621.70 0.00 625.77"
/>
<path stroke="#caeafe" vector-effect="non-scaling-stroke" d="
  M 544.04 747.64
  C 557.06 753.40 570.39 762.59 578.99 774.20
  A 0.38 0.37 54.4 0 0 579.51 774.29
  C 593.06 764.82 610.51 764.41 626.27 767.98
  Q 640.57 771.22 652.14 780.10
  Q 658.98 785.35 662.48 793.43"
/>
<path stroke="#e4f3fd" vector-effect="non-scaling-stroke" d="
  M 662.48 793.43
  C 649.27 792.05 636.54 792.23 623.20 790.68
  Q 612.73 789.47 596.35 788.46
  A 5.62 5.52 41.9 0 0 595.02 788.52
  C 590.06 789.32 572.16 791.81 568.94 787.86
  A 1.18 1.17 -42.4 0 1 569.02 786.28
  L 573.65 781.65
  A 0.36 0.36 0.0 0 0 573.26 781.06
  Q 568.86 782.77 565.18 782.58
  A 4.03 3.98 -31.4 0 1 563.82 782.26
  Q 547.85 775.40 544.75 774.33
  Q 512.37 763.10 474.71 764.73
  A 2.16 2.14 56.5 0 1 473.70 764.52
  Q 468.03 761.72 465.71 760.28
  Q 461.73 757.82 458.02 759.65
  A 0.56 0.56 0.0 0 1 457.25 758.93
  L 460.38 751.13
  A 0.34 0.33 24.5 0 0 460.22 750.71
  L 455.01 748.04
  A 4.55 4.49 -9.1 0 1 453.96 747.29
  C 451.73 745.25 448.35 741.22 445.49 738.80
  C 430.10 725.78 410.77 721.13 391.06 723.66
  Q 379.49 725.14 368.16 731.53
  A 0.64 0.64 0.0 0 1 367.26 731.24
  C 358.71 712.28 341.09 702.74 320.73 702.70
  Q 319.42 702.70 310.27 703.49
  A 2.30 2.25 24.2 0 0 309.10 703.92
  L 308.67 704.24
  A 1.73 1.72 -67.9 0 1 308.06 704.50
  Q 299.60 706.11 292.91 711.17
  Q 286.73 715.84 284.79 718.06
  Q 277.39 726.52 276.15 738.08
  A 0.31 0.31 0.0 0 1 275.63 738.27
  Q 262.34 725.87 243.21 721.98
  C 220.81 717.43 196.17 721.02 177.47 734.48
  Q 175.41 735.95 173.86 737.68
  A 0.29 0.29 0.0 0 1 173.36 737.54
  Q 170.70 721.58 158.15 711.60
  C 144.95 701.10 126.66 699.19 110.65 702.46
  A 0.31 0.31 0.0 0 1 110.37 701.93
  Q 121.17 691.45 136.04 687.90
  Q 157.02 682.88 176.37 691.39
  A 0.29 0.29 0.0 0 0 176.74 690.99
  Q 175.57 688.85 174.99 686.48
  A 5.54 5.25 -66.7 0 0 174.55 685.28
  Q 163.76 663.75 141.34 653.84
  Q 128.30 648.08 113.76 647.23
  Q 105.56 646.75 102.42 646.20
  A 3.86 3.65 -25.6 0 1 101.45 645.89
  Q 97.78 644.16 90.30 640.17
  C 87.55 638.71 85.60 636.91 83.63 634.63
  Q 78.42 628.58 74.16 624.47
  Q 64.45 615.10 51.60 610.32
  Q 36.18 604.60 33.83 603.63
  Q 31.42 602.65 25.73 602.17"
/>
<path stroke="#b0defc" vector-effect="non-scaling-stroke" d="
  M 662.48 793.43
  Q 662.08 795.02 661.22 795.81
  Q 659.90 797.03 658.16 797.51
  Q 649.01 800.00 640.47 800.65
  C 628.94 801.52 622.14 802.15 612.16 802.51
  C 590.57 803.28 580.75 803.82 565.92 803.65
  Q 560.60 803.59 552.09 803.86
  Q 541.27 804.20 538.25 804.20
  Q 537.59 804.20 532.31 804.21
  Q 516.40 804.26 509.74 804.60
  Q 497.91 805.21 489.36 804.90
  Q 475.49 804.40 458.58 804.71
  Q 443.50 804.99 427.91 804.57
  Q 413.39 804.17 397.25 803.76
  Q 396.06 803.73 393.27 803.38
  A 0.53 0.51 1.4 0 0 392.68 803.93
  L 392.68 803.97
  A 0.87 0.87 0.0 0 0 393.32 804.74
  Q 427.84 813.76 460.34 826.59
  C 465.36 828.57 469.58 829.78 474.46 831.20
  A 0.88 0.88 0.0 0 1 474.84 832.67
  L 474.62 832.89
  A 0.86 0.79 16.5 0 1 474.15 833.12
  C 462.12 834.52 453.21 834.68 438.69 834.86
  C 437.46 834.88 436.05 835.15 434.51 835.17
  C 414.71 835.55 392.20 834.62 373.75 834.52
  Q 324.81 834.26 264.00 834.23
  Q 251.99 834.23 230.75 833.33
  Q 221.75 832.95 193.75 833.14
  Q 190.53 833.17 186.33 832.81
  Q 186.02 832.78 185.90 832.54
  A 0.70 0.63 73.4 0 1 186.36 831.57
  Q 189.76 831.16 194.58 830.87
  Q 203.47 830.36 214.25 828.49
  Q 246.50 822.91 275.97 811.94
  Q 284.98 808.59 293.06 804.57
  A 0.35 0.35 0.0 0 0 292.89 803.91
  Q 280.80 804.58 262.01 804.63
  C 250.57 804.66 242.05 805.18 228.01 805.26
  Q 220.56 805.30 202.49 805.66
  Q 179.05 806.14 150.50 806.85
  Q 149.11 806.88 147.50 806.93
  Q 132.91 807.31 117.50 807.81
  Q 100.59 808.35 87.49 808.47
  Q 43.70 808.88 32.11 808.98
  C 26.26 809.03 21.20 808.33 15.67 808.60
  Q 13.98 808.68 7.84 808.31
  Q 3.94 808.08 0.00 808.16"
/>
<path stroke="#e4f3fd" vector-effect="non-scaling-stroke" d="
  M 0.00 692.09
  Q 10.01 686.07 21.40 683.94
  C 24.17 683.42 26.53 683.46 28.93 683.03
  Q 31.72 682.54 34.60 682.60
  Q 52.41 682.98 67.58 691.03
  C 69.36 691.97 71.06 693.25 73.24 694.92
  A 0.46 0.46 0.0 0 0 73.97 694.45
  L 73.84 693.87
  A 1.14 1.11 25.9 0 0 73.75 693.62
  Q 65.14 678.36 48.46 672.05
  Q 36.23 667.41 21.99 669.45
  Q 9.75 671.20 0.00 678.24"
/>
<path stroke="#e4f3fd" vector-effect="non-scaling-stroke" d="
  M 1536.00 765.87
  Q 1501.82 760.68 1472.62 777.59
  C 1467.54 780.53 1464.03 783.91 1458.88 788.40
  A 1.15 1.13 -58.3 0 1 1457.86 788.65
  Q 1443.04 785.26 1432.64 795.06
  A 1.19 1.18 33.2 0 1 1431.42 795.31
  C 1407.30 786.50 1380.51 787.41 1356.79 797.06
  Q 1350.30 799.70 1344.64 803.38
  Q 1333.11 810.87 1324.58 818.09
  A 1.48 1.45 29.5 0 1 1323.35 818.42
  L 1322.37 818.23
  A 3.11 2.90 41.3 0 0 1321.04 818.27
  L 1306.04 822.32
  A 0.42 0.41 72.5 0 1 1305.53 822.05
  L 1305.55 821.55
  A 0.21 0.21 0.0 0 1 1305.69 821.35
  L 1320.30 816.40
  A 2.29 2.28 86.0 0 0 1321.80 814.67
  C 1325.80 793.15 1344.03 779.17 1364.04 772.77
  Q 1374.40 769.46 1383.78 768.47
  Q 1393.13 767.49 1406.17 769.95
  A 0.79 0.79 0.0 0 0 1407.03 769.51
  Q 1408.99 765.31 1412.96 761.94
  Q 1415.28 759.97 1419.11 757.24
  A 0.94 0.93 59.8 0 0 1419.41 756.08
  C 1417.92 753.00 1416.27 751.20 1413.25 747.96
  Q 1400.92 734.74 1384.51 729.02
  Q 1362.99 721.52 1340.15 724.90
  Q 1329.29 726.51 1317.19 732.29
  C 1308.70 736.36 1303.32 741.50 1298.18 748.93
  A 1.48 1.47 26.2 0 1 1296.51 749.49
  Q 1279.79 744.02 1262.55 747.92
  C 1247.37 751.35 1233.46 761.79 1229.69 777.48
  A 0.57 0.56 24.9 0 1 1228.81 777.80
  Q 1217.12 769.21 1203.63 765.38
  Q 1186.06 760.40 1168.01 762.51
  Q 1141.55 765.60 1122.55 784.06
  A 0.43 0.43 0.0 0 1 1121.83 783.69
  C 1122.83 776.71 1121.76 770.04 1126.07 763.82
  A 0.69 0.69 0.0 0 0 1125.51 762.74
  Q 1118.70 762.72 1113.80 761.88
  Q 1110.67 761.34 1102.94 757.93
  Q 1096.08 754.91 1088.88 752.46"
/>
<path stroke="#caeafe" vector-effect="non-scaling-stroke" d="
  M 1088.88 752.46
  L 1089.55 751.07"
/>
<path stroke="#b9e3fc" vector-effect="non-scaling-stroke" d="
  M 1536.00 898.89
  Q 1514.63 899.35 1493.25 899.57
  Q 1424.45 900.28 1334.34 900.05
  Q 1332.32 900.05 1330.27 900.01
  Q 1286.36 899.24 1259.02 898.13
  A 0.23 0.22 -78.1 0 1 1258.82 897.82
  L 1258.96 897.45
  A 0.16 0.15 -78.3 0 1 1259.10 897.35
  L 1278.72 895.73"
/>
<path stroke="#b0defc" vector-effect="non-scaling-stroke" d="
  M 1278.72 895.73
  Q 1318.72 890.86 1356.92 878.66
  Q 1365.12 876.04 1372.30 872.87
  A 0.37 0.37 0.0 0 0 1372.14 872.16
  Q 1364.55 872.33 1342.26 872.54
  C 1315.49 872.78 1284.05 873.15 1259.92 873.14
  C 1122.28 873.09 1055.72 873.42 952.83 872.12
  Q 950.45 872.09 948.82 871.90
  C 944.00 871.35 938.98 871.95 934.58 871.72
  C 924.39 871.20 918.28 871.48 903.25 871.23
  Q 901.57 871.20 899.75 871.17
  Q 864.76 870.53 839.97 868.57
  Q 834.62 868.15 828.15 866.60
  Q 825.42 865.95 823.16 864.32
  A 1.71 1.67 -84.0 0 1 822.55 863.55
  Q 821.96 862.11 822.16 861.11"
/>
<path stroke="#e4f3fd" vector-effect="non-scaling-stroke" d="
  M 822.16 861.11
  Q 838.47 860.62 854.00 860.47
  Q 855.78 860.45 868.18 858.86
  Q 871.01 858.49 889.01 859.30
  Q 892.80 859.47 894.99 859.31
  Q 900.36 858.94 920.39 856.44
  A 0.34 0.34 0.0 0 0 920.64 855.93
  Q 916.37 848.96 910.57 843.56"
/>
<path stroke="#b0defc" vector-effect="non-scaling-stroke" d="
  M 910.57 843.56
  L 912.00 839.16"
/>
<path stroke="#e4f3fd" vector-effect="non-scaling-stroke" d="
  M 912.00 839.16
  Q 917.67 840.83 922.82 843.45
  C 924.59 844.35 926.16 844.47 927.85 843.63
  Q 949.28 832.90 973.01 831.49
  C 984.82 830.78 997.08 833.18 1008.15 836.48
  A 2.23 2.21 -50.8 0 0 1009.86 836.30
  C 1015.29 833.31 1022.50 829.92 1028.08 834.00
  A 0.40 0.39 28.1 0 0 1028.68 833.82
  Q 1031.70 825.82 1038.19 820.20
  Q 1045.05 814.26 1050.97 811.45
  Q 1070.98 801.95 1093.34 805.93
  Q 1103.99 807.83 1112.15 812.16
  A 0.41 0.41 0.0 0 0 1112.75 811.82
  Q 1113.10 803.85 1110.29 797.94
  Q 1104.15 785.05 1090.90 778.40
  Q 1087.93 776.91 1085.73 775.66"
/>
<path stroke="#b0defc" vector-effect="non-scaling-stroke" d="
  M 1085.73 775.66
  Q 1084.90 763.37 1088.88 752.46"
/>
<path stroke="#caeafe" vector-effect="non-scaling-stroke" d="
  M 1085.73 775.66
  C 1070.72 770.35 1056.01 771.72 1041.63 778.07
  Q 1034.80 781.10 1030.05 785.49
  C 1024.42 790.70 1019.19 796.70 1017.64 803.92
  A 0.84 0.83 14.8 0 1 1016.57 804.54
  C 1002.97 800.13 988.24 798.34 974.10 800.55
  C 959.12 802.89 945.16 807.10 932.33 815.31
  C 924.10 820.57 915.31 829.14 912.00 839.16"
/>
<path stroke="#caeafe" vector-effect="non-scaling-stroke" d="
  M 910.57 843.56
  Q 905.02 840.82 899.26 839.74
  Q 891.36 838.27 883.50 838.41
  C 882.21 838.43 880.74 838.98 879.16 839.09
  Q 873.23 839.47 864.63 841.39
  C 852.97 844.00 841.86 847.35 830.99 853.49
  Q 825.97 856.33 822.16 861.11"
/>
<path stroke="#9fdafd" vector-effect="non-scaling-stroke" d="
  M 1278.72 895.73
  C 1278.43 888.24 1272.08 887.00 1265.53 887.18
  Q 1233.71 888.07 1205.72 888.72
  C 1189.00 889.11 1177.67 888.78 1161.54 888.30
  C 1132.40 887.43 1103.02 889.49 1074.55 887.53
  Q 1051.61 885.96 1040.37 885.35
  Q 1030.64 884.82 1005.72 885.05
  C 993.74 885.16 980.63 884.86 967.84 884.65
  C 946.76 884.32 922.56 885.84 902.65 885.30
  Q 892.27 885.01 870.65 883.86
  C 852.77 882.91 835.59 883.25 817.32 882.76
  C 799.69 882.29 787.05 880.89 764.44 878.55
  C 750.26 877.08 739.17 877.60 725.85 879.68
  C 701.89 883.43 680.37 883.76 657.38 882.68
  C 641.93 881.94 626.68 879.95 612.85 878.67
  Q 595.72 877.08 575.84 878.20
  Q 534.71 880.49 531.02 880.49
  Q 525.37 880.48 506.84 881.73
  C 486.99 883.07 477.03 884.14 461.79 884.01
  C 436.61 883.79 407.65 882.34 383.02 881.95
  Q 352.04 881.45 298.90 880.13
  C 263.29 879.24 215.89 881.89 192.43 882.34
  C 164.48 882.87 144.82 880.90 114.27 878.61
  Q 80.05 876.05 39.22 876.10
  Q 22.17 876.13 0.00 880.56"
/>
</g>
<path fill="#a8dffd" d="
  M 1278.72 895.73
  L 1259.10 897.35
  A 0.16 0.15 -78.3 0 0 1258.96 897.45
  L 1258.82 897.82
  A 0.23 0.22 -78.1 0 0 1259.02 898.13
  Q 1286.36 899.24 1330.27 900.01
  Q 1332.32 900.05 1334.34 900.05
  Q 1424.45 900.28 1493.25 899.57
  Q 1514.63 899.35 1536.00 898.89
  L 1536.00 1024.00
  L 0.00 1024.00
  L 0.00 880.56
  Q 22.17 876.13 39.22 876.10
  Q 80.05 876.05 114.27 878.61
  C 144.82 880.90 164.48 882.87 192.43 882.34
  C 215.89 881.89 263.29 879.24 298.90 880.13
  Q 352.04 881.45 383.02 881.95
  C 407.65 882.34 436.61 883.79 461.79 884.01
  C 477.03 884.14 486.99 883.07 506.84 881.73
  Q 525.37 880.48 531.02 880.49
  Q 534.71 880.49 575.84 878.20
  Q 595.72 877.08 612.85 878.67
  C 626.68 879.95 641.93 881.94 657.38 882.68
  C 680.37 883.76 701.89 883.43 725.85 879.68
  C 739.17 877.60 750.26 877.08 764.44 878.55
  C 787.05 880.89 799.69 882.29 817.32 882.76
  C 835.59 883.25 852.77 882.91 870.65 883.86
  Q 892.27 885.01 902.65 885.30
  C 922.56 885.84 946.76 884.32 967.84 884.65
  C 980.63 884.86 993.74 885.16 1005.72 885.05
  Q 1030.64 884.82 1040.37 885.35
  Q 1051.61 885.96 1074.55 887.53
  C 1103.02 889.49 1132.40 887.43 1161.54 888.30
  C 1177.67 888.78 1189.00 889.11 1205.72 888.72
  Q 1233.71 888.07 1265.53 887.18
  C 1272.08 887.00 1278.43 888.24 1278.72 895.73
  Z"
/>
<path fill="#3d92eb" d="
  M 1536.00 0.00
  L 1536.00 133.09
  Q 1515.16 134.82 1506.40 134.52
  C 1482.76 133.71 1455.97 133.83 1435.57 133.45
  Q 1414.01 133.05 1404.74 132.37
  Q 1370.63 129.89 1322.80 130.44
  Q 1305.49 130.64 1291.21 132.28
  Q 1265.46 135.24 1256.88 135.91
  Q 1246.59 136.71 1238.17 136.23
  C 1225.50 135.50 1210.58 132.38 1197.02 133.11
  C 1186.56 133.67 1175.20 135.06 1165.49 134.37
  C 1159.16 133.91 1150.40 133.23 1143.18 133.03
  Q 1124.88 132.53 1124.12 132.49
  C 1110.31 131.76 1087.51 128.35 1070.75 128.89
  Q 1035.16 130.02 1012.20 130.37
  C 997.04 130.59 989.05 131.46 971.17 133.02
  C 954.54 134.48 942.03 133.97 922.01 133.58
  Q 913.68 133.42 889.11 134.79
  C 866.38 136.05 849.08 137.00 834.05 137.01
  Q 803.42 137.01 787.62 137.79
  Q 758.86 139.21 749.24 139.30
  Q 735.58 139.42 728.37 138.90
  Q 696.46 136.62 690.72 136.57
  Q 661.79 136.29 637.73 135.69
  C 606.09 134.89 586.05 136.96 546.48 139.94
  C 520.09 141.93 503.44 140.80 466.98 139.75
  C 458.49 139.51 442.35 137.38 428.82 136.86
  C 412.99 136.24 395.10 137.59 386.68 137.71
  C 374.10 137.89 363.57 137.12 351.02 136.32
  C 333.42 135.21 316.45 136.59 297.23 136.76
  C 284.70 136.86 273.17 137.04 260.08 137.85
  Q 244.79 138.80 230.01 139.73
  Q 193.74 142.00 153.74 139.07
  Q 139.60 138.03 128.72 138.89
  Q 100.43 141.14 96.76 141.38
  C 74.14 142.88 55.27 141.50 29.25 140.07
  C 17.73 139.44 8.81 138.15 0.00 131.17
  L 0.00 0.00
  L 1536.00 0.00
  Z"
/>
<g fill="#fefefe">
<path d="
  M 392.05 253.96
  Q 397.71 270.13 398.77 287.41
  A 0.51 0.50 81.7 0 0 399.38 287.87
  Q 411.71 285.09 420.98 285.82
  Q 447.54 287.91 468.23 302.85
  C 483.70 314.01 494.88 330.65 498.27 349.08
  A 0.83 0.82 -7.5 0 0 499.16 349.76
  Q 513.98 348.45 528.68 353.38
  Q 537.93 356.48 547.69 364.58
  Q 561.22 375.80 567.02 391.61
  Q 570.58 400.65 569.96 410.40
  A 0.44 0.44 0.0 0 0 570.52 410.85
  C 589.51 405.35 612.27 414.64 627.69 425.83
  Q 632.33 429.20 633.87 433.27
  Q 610.93 431.38 589.25 431.05
  Q 585.14 430.99 578.81 429.94
  A 8.65 8.10 46.9 0 0 577.13 429.83
  Q 570.53 430.03 560.25 428.80
  Q 556.92 428.40 553.78 429.31
  Q 551.96 429.83 550.12 429.49
  Q 543.69 428.29 539.03 428.10
  A 0.60 0.59 1.1 0 1 538.46 427.52
  Q 538.34 422.42 536.02 416.69
  C 527.02 394.47 504.95 380.91 481.68 377.26
  Q 465.49 374.72 449.53 379.24
  A 1.00 0.98 53.4 0 1 448.72 379.11
  C 444.54 376.28 437.21 372.00 432.35 373.95
  A 0.42 0.42 0.0 0 1 431.78 373.63
  Q 430.74 366.17 426.79 359.67
  C 410.88 333.51 381.42 320.67 351.27 324.63
  Q 318.84 328.90 301.49 356.32
  A 1.33 1.33 0.0 0 1 299.74 356.78
  C 294.00 353.70 286.11 352.16 281.54 357.83
  A 0.75 0.75 0.0 0 0 281.82 358.98
  Q 289.28 362.36 296.34 368.10
  A 0.33 0.33 0.0 0 1 296.06 368.68
  C 288.52 367.06 281.86 368.74 275.17 372.08
  A 4.43 4.28 26.7 0 1 273.88 372.48
  C 266.04 373.59 260.58 372.58 252.70 370.86
  Q 242.69 368.67 232.80 371.02
  A 0.15 0.15 0.0 0 1 232.67 370.77
  Q 242.07 362.04 253.82 358.44
  C 255.83 357.82 258.93 358.28 259.80 355.83
  A 1.26 1.24 10.3 0 1 261.01 355.00
  Q 262.67 355.05 263.18 354.73
  A 0.39 0.39 0.0 0 0 262.93 354.01
  Q 258.79 354.45 258.00 352.23
  C 254.39 342.10 247.27 332.60 238.55 325.73
  Q 232.71 321.13 229.68 319.36
  Q 217.07 312.01 201.54 310.49
  Q 188.68 309.24 173.00 315.16
  A 1.07 1.06 46.9 0 1 172.17 315.13
  Q 171.10 314.62 170.24 313.30
  A 0.84 0.83 48.1 0 1 170.29 312.32
  Q 176.52 304.56 180.55 301.55
  Q 194.89 290.87 213.32 289.99
  Q 227.36 289.31 240.90 294.60
  Q 252.71 299.21 262.06 307.70
  A 0.38 0.38 0.0 0 0 262.70 307.40
  C 262.44 296.45 256.54 285.40 249.05 277.77
  A 8.37 8.23 84.8 0 0 247.88 276.78
  Q 242.62 273.14 236.21 268.29
  Q 222.65 258.04 217.78 241.98
  Q 212.92 225.99 213.48 208.59
  Q 226.22 196.90 243.11 189.87
  C 256.60 184.27 270.97 180.97 285.67 181.05
  Q 322.54 181.24 352.57 202.66
  Q 380.00 222.22 392.05 253.96
  Z"
/>
<path d="
  M 155.38 289.57
  Q 155.70 291.33 158.03 297.45
  C 162.61 309.49 161.33 323.69 151.74 332.81
  Q 148.88 335.53 145.64 338.15
  A 0.56 0.55 -37.1 0 1 144.84 338.04
  Q 129.73 317.19 104.55 312.83
  Q 99.48 311.95 86.96 311.66
  A 1.13 1.12 72.8 0 1 86.06 311.18
  C 81.92 305.32 73.79 299.65 69.98 292.00
  A 2.31 2.27 -55.5 0 1 69.76 290.75
  Q 70.43 285.05 67.21 280.22
  L 74.75 273.50
  Q 79.05 270.14 83.24 268.28
  Q 107.57 257.50 131.39 267.82
  Q 142.95 272.83 151.43 283.58
  Q 152.59 285.06 155.38 289.57
  Z"
/>
<path d="
  M 1536.00 298.73
  L 1536.00 420.92
  Q 1526.50 420.32 1517.31 422.83
  Q 1502.87 426.76 1491.64 436.65
  Q 1487.12 440.63 1482.52 445.08
  C 1481.90 445.68 1480.85 445.79 1480.30 446.18
  A 0.63 0.62 52.6 0 0 1480.18 447.10
  C 1485.54 453.32 1487.97 461.63 1488.38 469.98
  A 0.23 0.23 0.0 0 1 1487.99 470.16
  Q 1479.85 462.45 1469.84 458.42
  Q 1453.82 451.97 1437.23 453.85
  Q 1414.17 456.46 1398.53 472.50
  A 0.41 0.41 0.0 0 1 1397.83 472.22
  C 1397.77 469.92 1397.82 466.11 1397.41 463.40
  Q 1396.97 460.54 1395.76 454.97
  A 2.59 2.56 61.5 0 1 1396.45 452.60
  L 1397.79 451.27
  A 0.43 0.42 2.0 0 0 1397.21 450.65
  Q 1395.22 452.38 1393.24 450.26
  Q 1382.57 438.80 1366.49 436.44
  C 1349.71 433.98 1333.14 439.86 1320.76 451.06
  A 0.38 0.37 84.9 0 1 1320.19 450.58
  Q 1320.63 449.86 1320.81 448.72
  A 1.13 1.13 0.0 0 0 1320.41 447.67
  Q 1316.54 444.51 1315.63 444.33
  Q 1305.93 442.41 1295.99 439.98
  Q 1301.31 412.86 1321.68 394.21
  Q 1338.87 380.00 1360.17 377.16
  Q 1373.42 375.39 1385.68 378.60
  Q 1397.82 381.78 1408.97 389.25
  Q 1412.96 391.92 1415.26 395.94
  Q 1421.43 404.83 1423.86 411.87
  Q 1427.40 422.13 1423.57 432.20
  A 0.41 0.41 0.0 0 0 1424.17 432.69
  Q 1441.57 421.55 1462.30 426.36
  Q 1466.89 427.42 1470.24 428.59
  A 1.25 1.24 24.4 0 0 1471.72 428.04
  Q 1475.86 420.83 1483.29 416.25
  Q 1490.05 412.08 1497.28 409.33
  A 0.67 0.67 0.0 0 0 1497.10 408.04
  Q 1477.47 406.22 1461.19 395.31
  Q 1455.10 391.23 1450.88 384.23
  C 1447.49 378.60 1445.08 374.90 1441.47 371.81
  Q 1434.65 365.98 1425.34 362.68
  Q 1443.95 325.91 1481.23 309.46
  Q 1497.94 302.09 1518.28 299.61
  C 1520.91 299.28 1523.16 299.63 1525.46 298.93
  A 3.93 3.77 -52.6 0 1 1526.62 298.75
  L 1536.00 298.73
  Z"
/>
<path d="
  M 53.25 309.11
  Q 53.26 310.14 53.92 311.30
  A 1.95 1.93 -3.4 0 0 54.82 312.09
  Q 59.76 314.17 61.08 315.19
  Q 65.84 318.89 67.41 319.76
  A 0.50 0.50 0.0 0 1 67.39 320.65
  Q 56.90 325.79 51.04 336.32
  A 1.02 1.02 0.0 0 1 50.00 336.84
  Q 46.87 336.41 42.73 337.21
  A 3.77 3.77 0.0 0 1 41.29 337.21
  Q 32.16 335.39 30.25 335.28
  Q 14.16 334.33 0.00 341.33
  L 0.00 313.95
  Q 4.12 311.83 6.56 311.03
  Q 18.81 306.98 30.26 306.01
  Q 41.30 305.08 53.25 309.11
  Z"
/>
<path d="
  M 1285.74 461.84
  Q 1283.20 467.71 1284.96 474.39
  C 1285.55 476.62 1286.61 478.51 1288.57 479.78
  C 1293.12 482.71 1297.14 484.83 1299.82 488.40
  A 0.72 0.72 0.0 0 1 1299.16 489.55
  Q 1284.65 487.87 1271.27 493.98
  C 1267.18 495.85 1264.00 499.68 1259.68 499.88
  A 1.85 1.78 -29.4 0 1 1258.67 499.62
  C 1244.74 491.05 1227.27 487.44 1211.01 488.49
  Q 1194.64 489.55 1180.15 497.50
  A 3.21 3.19 33.7 0 1 1178.27 497.87
  Q 1174.97 497.50 1170.84 499.09
  C 1175.60 485.62 1184.22 475.98 1195.63 467.62
  Q 1205.97 460.04 1222.24 455.64
  Q 1255.34 446.71 1285.74 461.84
  Z"
/>
<path d="
  M 1168.58 503.80
  C 1170.40 507.12 1173.85 509.82 1175.48 512.06
  Q 1177.80 515.25 1180.68 519.75
  A 0.33 0.33 0.0 0 1 1180.41 520.25
  Q 1175.87 520.35 1171.76 521.77
  Q 1164.10 524.40 1158.21 527.09
  A 4.65 4.65 0.0 0 1 1155.62 527.47
  Q 1135.63 524.67 1115.88 528.40
  Q 1108.41 529.82 1100.88 531.21
  C 1097.55 531.82 1093.08 533.33 1089.53 533.62
  Q 1083.40 534.13 1076.85 534.86
  Q 1080.36 527.94 1086.29 522.85
  Q 1096.61 514.72 1111.74 508.00
  C 1125.92 501.69 1141.98 498.37 1157.50 500.44
  Q 1163.21 501.19 1168.58 503.80
  Z"
/>
<path d="
  M 544.04 747.64
  C 557.06 753.40 570.39 762.59 578.99 774.20
  A 0.38 0.37 54.4 0 0 579.51 774.29
  C 593.06 764.82 610.51 764.41 626.27 767.98
  Q 640.57 771.22 652.14 780.10
  Q 658.98 785.35 662.48 793.43
  C 649.27 792.05 636.54 792.23 623.20 790.68
  Q 612.73 789.47 596.35 788.46
  A 5.62 5.52 41.9 0 0 595.02 788.52
  C 590.06 789.32 572.16 791.81 568.94 787.86
  A 1.18 1.17 -42.4 0 1 569.02 786.28
  L 573.65 781.65
  A 0.36 0.36 0.0 0 0 573.26 781.06
  Q 568.86 782.77 565.18 782.58
  A 4.03 3.98 -31.4 0 1 563.82 782.26
  Q 547.85 775.40 544.75 774.33
  Q 512.37 763.10 474.71 764.73
  A 2.16 2.14 56.5 0 1 473.70 764.52
  Q 468.03 761.72 465.71 760.28
  Q 461.73 757.82 458.02 759.65
  A 0.56 0.56 0.0 0 1 457.25 758.93
  L 460.38 751.13
  A 0.34 0.33 24.5 0 0 460.22 750.71
  L 455.01 748.04
  A 4.55 4.49 -9.1 0 1 453.96 747.29
  C 451.73 745.25 448.35 741.22 445.49 738.80
  C 430.10 725.78 410.77 721.13 391.06 723.66
  Q 379.49 725.14 368.16 731.53
  A 0.64 0.64 0.0 0 1 367.26 731.24
  C 358.71 712.28 341.09 702.74 320.73 702.70
  Q 319.42 702.70 310.27 703.49
  A 2.30 2.25 24.2 0 0 309.10 703.92
  L 308.67 704.24
  A 1.73 1.72 -67.9 0 1 308.06 704.50
  Q 299.60 706.11 292.91 711.17
  Q 286.73 715.84 284.79 718.06
  Q 277.39 726.52 276.15 738.08
  A 0.31 0.31 0.0 0 1 275.63 738.27
  Q 262.34 725.87 243.21 721.98
  C 220.81 717.43 196.17 721.02 177.47 734.48
  Q 175.41 735.95 173.86 737.68
  A 0.29 0.29 0.0 0 1 173.36 737.54
  Q 170.70 721.58 158.15 711.60
  C 144.95 701.10 126.66 699.19 110.65 702.46
  A 0.31 0.31 0.0 0 1 110.37 701.93
  Q 121.17 691.45 136.04 687.90
  Q 157.02 682.88 176.37 691.39
  A 0.29 0.29 0.0 0 0 176.74 690.99
  Q 175.57 688.85 174.99 686.48
  A 5.54 5.25 -66.7 0 0 174.55 685.28
  Q 163.76 663.75 141.34 653.84
  Q 128.30 648.08 113.76 647.23
  Q 105.56 646.75 102.42 646.20
  A 3.86 3.65 -25.6 0 1 101.45 645.89
  Q 97.78 644.16 90.30 640.17
  C 87.55 638.71 85.60 636.91 83.63 634.63
  Q 78.42 628.58 74.16 624.47
  Q 64.45 615.10 51.60 610.32
  Q 36.18 604.60 33.83 603.63
  Q 31.42 602.65 25.73 602.17
  Q 33.57 591.53 37.19 588.19
  Q 51.06 575.34 65.19 568.14
  Q 89.76 555.61 118.02 554.09
  C 134.17 553.21 150.09 555.70 165.40 560.37
  Q 181.09 565.15 196.16 575.10
  Q 226.41 595.05 240.27 627.17
  Q 248.80 646.92 249.05 671.33
  A 0.56 0.55 0.0 0 0 249.61 671.88
  Q 261.95 671.92 272.88 676.34
  C 278.53 678.63 282.81 681.85 287.29 685.82
  A 0.61 0.60 33.3 0 0 288.24 685.63
  Q 298.67 662.97 323.18 655.64
  Q 335.28 652.03 348.04 653.06
  C 363.85 654.34 380.17 661.87 390.30 674.47
  C 395.28 680.67 399.96 689.60 400.85 697.91
  A 0.55 0.54 76.7 0 0 401.59 698.37
  Q 419.13 691.69 437.48 694.16
  C 462.85 697.56 487.30 712.91 493.97 738.89
  A 0.66 0.65 80.4 0 0 494.65 739.38
  Q 520.31 737.31 544.04 747.64
  Z"
/>
<path d="
  M 1536.00 738.18
  L 1536.00 765.87
  Q 1501.82 760.68 1472.62 777.59
  C 1467.54 780.53 1464.03 783.91 1458.88 788.40
  A 1.15 1.13 -58.3 0 1 1457.86 788.65
  Q 1443.04 785.26 1432.64 795.06
  A 1.19 1.18 33.2 0 1 1431.42 795.31
  C 1407.30 786.50 1380.51 787.41 1356.79 797.06
  Q 1350.30 799.70 1344.64 803.38
  Q 1333.11 810.87 1324.58 818.09
  A 1.48 1.45 29.5 0 1 1323.35 818.42
  L 1322.37 818.23
  A 3.11 2.90 41.3 0 0 1321.04 818.27
  L 1306.04 822.32
  A 0.42 0.41 72.5 0 1 1305.53 822.05
  L 1305.55 821.55
  A 0.21 0.21 0.0 0 1 1305.69 821.35
  L 1320.30 816.40
  A 2.29 2.28 86.0 0 0 1321.80 814.67
  C 1325.80 793.15 1344.03 779.17 1364.04 772.77
  Q 1374.40 769.46 1383.78 768.47
  Q 1393.13 767.49 1406.17 769.95
  A 0.79 0.79 0.0 0 0 1407.03 769.51
  Q 1408.99 765.31 1412.96 761.94
  Q 1415.28 759.97 1419.11 757.24
  A 0.94 0.93 59.8 0 0 1419.41 756.08
  C 1417.92 753.00 1416.27 751.20 1413.25 747.96
  Q 1400.92 734.74 1384.51 729.02
  Q 1362.99 721.52 1340.15 724.90
  Q 1329.29 726.51 1317.19 732.29
  C 1308.70 736.36 1303.32 741.50 1298.18 748.93
  A 1.48 1.47 26.2 0 1 1296.51 749.49
  Q 1279.79 744.02 1262.55 747.92
  C 1247.37 751.35 1233.46 761.79 1229.69 777.48
  A 0.57 0.56 24.9 0 1 1228.81 777.80
  Q 1217.12 769.21 1203.63 765.38
  Q 1186.06 760.40 1168.01 762.51
  Q 1141.55 765.60 1122.55 784.06
  A 0.43 0.43 0.0 0 1 1121.83 783.69
  C 1122.83 776.71 1121.76 770.04 1126.07 763.82
  A 0.69 0.69 0.0 0 0 1125.51 762.74
  Q 1118.70 762.72 1113.80 761.88
  Q 1110.67 761.34 1102.94 757.93
  Q 1096.08 754.91 1088.88 752.46
  L 1089.55 751.07
  Q 1094.23 739.21 1100.16 731.90
  Q 1114.74 713.93 1136.35 704.82
  Q 1151.67 698.36 1166.02 696.74
  Q 1194.02 693.60 1220.32 704.45
  Q 1221.10 704.77 1224.81 706.85
  A 0.44 0.44 0.0 0 0 1225.46 706.57
  C 1226.16 703.68 1227.12 700.74 1228.35 698.16
  Q 1237.17 679.67 1253.43 666.94
  Q 1269.65 654.23 1287.17 648.19
  Q 1303.99 642.39 1320.38 640.71
  Q 1328.30 639.90 1328.77 639.88
  C 1360.00 638.69 1390.29 647.79 1415.22 667.25
  Q 1437.31 684.50 1446.44 710.64
  A 0.70 0.70 0.0 0 0 1447.24 711.09
  Q 1449.03 710.70 1454.87 710.06
  Q 1460.48 709.43 1462.65 709.51
  C 1483.85 710.29 1505.43 719.64 1516.42 738.25
  A 0.86 0.85 73.6 0 0 1517.19 738.67
  L 1536.00 738.18
  Z"
/>
<path d="
  M 0.00 692.09
  L 0.00 678.24
  Q 9.75 671.20 21.99 669.45
  Q 36.23 667.41 48.46 672.05
  Q 65.14 678.36 73.75 693.62
  A 1.14 1.11 25.9 0 1 73.84 693.87
  L 73.97 694.45
  A 0.46 0.46 0.0 0 1 73.24 694.92
  C 71.06 693.25 69.36 691.97 67.58 691.03
  Q 52.41 682.98 34.60 682.60
  Q 31.72 682.54 28.93 683.03
  C 26.53 683.46 24.17 683.42 21.40 683.94
  Q 10.01 686.07 0.00 692.09
  Z"
/>
<path d="
  M 1085.73 775.66
  Q 1087.93 776.91 1090.90 778.40
  Q 1104.15 785.05 1110.29 797.94
  Q 1113.10 803.85 1112.75 811.82
  A 0.41 0.41 0.0 0 1 1112.15 812.16
  Q 1103.99 807.83 1093.34 805.93
  Q 1070.98 801.95 1050.97 811.45
  Q 1045.05 814.26 1038.19 820.20
  Q 1031.70 825.82 1028.68 833.82
  A 0.40 0.39 28.1 0 1 1028.08 834.00
  C 1022.50 829.92 1015.29 833.31 1009.86 836.30
  A 2.23 2.21 -50.8 0 1 1008.15 836.48
  C 997.08 833.18 984.82 830.78 973.01 831.49
  Q 949.28 832.90 927.85 843.63
  C 926.16 844.47 924.59 844.35 922.82 843.45
  Q 917.67 840.83 912.00 839.16
  C 915.31 829.14 924.10 820.57 932.33 815.31
  C 945.16 807.10 959.12 802.89 974.10 800.55
  C 988.24 798.34 1002.97 800.13 1016.57 804.54
  A 0.84 0.83 14.8 0 0 1017.64 803.92
  C 1019.19 796.70 1024.42 790.70 1030.05 785.49
  Q 1034.80 781.10 1041.63 778.07
  C 1056.01 771.72 1070.72 770.35 1085.73 775.66
  Z"
/>
<path d="
  M 910.57 843.56
  Q 916.37 848.96 920.64 855.93
  A 0.34 0.34 0.0 0 1 920.39 856.44
  Q 900.36 858.94 894.99 859.31
  Q 892.80 859.47 889.01 859.30
  Q 871.01 858.49 868.18 858.86
  Q 855.78 860.45 854.00 860.47
  Q 838.47 860.62 822.16 861.11
  Q 825.97 856.33 830.99 853.49
  C 841.86 847.35 852.97 844.00 864.63 841.39
  Q 873.23 839.47 879.16 839.09
  C 880.74 838.98 882.21 838.43 883.50 838.41
  Q 891.36 838.27 899.26 839.74
  Q 905.02 840.82 910.57 843.56
  Z"
/>
</g>
<path fill="#7ec5fa" d="
  M 1086.29 522.85
  Q 1080.36 527.94 1076.85 534.86
  L 1077.18 537.60
  A 0.97 0.95 13.7 0 0 1077.62 538.30
  Q 1082.32 541.38 1087.14 542.11
  Q 1095.61 543.41 1108.50 544.13
  Q 1133.66 545.53 1155.96 545.51
  C 1158.08 545.50 1160.83 546.20 1162.75 546.12
  Q 1168.90 545.86 1173.60 546.21
  Q 1180.16 546.70 1184.41 546.67
  C 1200.37 546.57 1216.15 547.16 1231.91 546.71
  C 1235.62 546.61 1239.89 547.20 1243.25 547.21
  Q 1280.57 547.27 1340.50 547.77
  Q 1353.68 547.88 1430.72 547.77
  C 1441.87 547.75 1451.77 548.47 1461.81 547.82
  A 0.28 0.28 0.0 0 1 1461.95 548.35
  Q 1450.81 554.02 1438.68 558.94
  Q 1427.35 563.54 1414.51 567.22
  Q 1392.03 573.66 1372.22 577.15
  Q 1364.05 578.58 1353.79 579.03
  A 0.41 0.40 80.6 0 0 1353.43 579.54
  L 1353.50 579.82
  A 0.25 0.24 -6.8 0 0 1353.72 579.99
  Q 1361.25 580.18 1362.19 580.17
  Q 1365.67 580.15 1379.24 580.72
  Q 1390.45 581.19 1396.27 581.16
  Q 1409.78 581.08 1430.17 581.60
  Q 1437.77 581.80 1477.76 582.19
  Q 1484.13 582.25 1536.00 581.64
  L 1536.00 738.18
  L 1517.19 738.67
  A 0.86 0.85 73.6 0 1 1516.42 738.25
  C 1505.43 719.64 1483.85 710.29 1462.65 709.51
  Q 1460.48 709.43 1454.87 710.06
  Q 1449.03 710.70 1447.24 711.09
  A 0.70 0.70 0.0 0 1 1446.44 710.64
  Q 1437.31 684.50 1415.22 667.25
  C 1390.29 647.79 1360.00 638.69 1328.77 639.88
  Q 1328.30 639.90 1320.38 640.71
  Q 1303.99 642.39 1287.17 648.19
  Q 1269.65 654.23 1253.43 666.94
  Q 1237.17 679.67 1228.35 698.16
  C 1227.12 700.74 1226.16 703.68 1225.46 706.57
  A 0.44 0.44 0.0 0 1 1224.81 706.85
  Q 1221.10 704.77 1220.32 704.45
  Q 1194.02 693.60 1166.02 696.74
  Q 1151.67 698.36 1136.35 704.82
  Q 1114.74 713.93 1100.16 731.90
  Q 1094.23 739.21 1089.55 751.07
  C 1081.94 742.95 1074.46 737.71 1063.14 736.77
  C 1051.06 735.76 1038.88 737.76 1024.99 739.66
  C 1012.41 741.37 998.57 741.54 984.07 740.80
  C 961.83 739.67 941.75 739.85 919.42 738.62
  C 881.81 736.56 858.85 735.66 821.49 734.39
  Q 812.47 734.09 779.66 731.32
  C 766.60 730.22 754.69 729.87 743.57 730.86
  Q 718.60 733.09 705.55 733.68
  C 689.76 734.39 667.58 733.11 651.19 733.78
  C 636.15 734.39 618.76 736.23 603.85 735.50
  C 588.64 734.75 579.64 733.72 567.77 735.35
  Q 553.70 737.27 544.04 747.64
  Q 520.31 737.31 494.65 739.38
  A 0.66 0.65 80.4 0 1 493.97 738.89
  C 487.30 712.91 462.85 697.56 437.48 694.16
  Q 419.13 691.69 401.59 698.37
  A 0.55 0.54 76.7 0 1 400.85 697.91
  C 399.96 689.60 395.28 680.67 390.30 674.47
  C 380.17 661.87 363.85 654.34 348.04 653.06
  Q 335.28 652.03 323.18 655.64
  Q 298.67 662.97 288.24 685.63
  A 0.61 0.60 33.3 0 1 287.29 685.82
  C 282.81 681.85 278.53 678.63 272.88 676.34
  Q 261.95 671.92 249.61 671.88
  A 0.56 0.55 0.0 0 1 249.05 671.33
  Q 248.80 646.92 240.27 627.17
  Q 226.41 595.05 196.16 575.10
  Q 181.09 565.15 165.40 560.37
  C 150.09 555.70 134.17 553.21 118.02 554.09
  Q 89.76 555.61 65.19 568.14
  Q 51.06 575.34 37.19 588.19
  Q 33.57 591.53 25.73 602.17
  Q 24.19 603.80 21.98 607.47
  Q 17.84 614.35 14.76 621.75
  A 0.49 0.48 12.5 0 1 14.28 622.05
  Q 6.70 621.70 0.00 625.77
  L 0.00 516.95
  C 14.79 517.23 29.13 518.87 44.35 517.71
  Q 54.85 516.91 75.27 515.09
  Q 89.76 513.80 112.34 513.75
  Q 133.74 513.70 163.26 513.89
  C 191.73 514.07 219.89 507.88 247.31 503.60
  Q 267.69 500.41 284.83 499.51
  C 301.51 498.63 316.31 500.18 334.86 502.73
  C 344.20 504.01 355.74 504.69 366.62 504.82
  Q 386.98 505.06 410.46 506.40
  C 425.37 507.25 436.04 505.93 455.57 503.82
  C 474.42 501.78 494.23 502.44 514.60 501.32
  C 528.34 500.57 541.63 500.44 556.24 501.84
  Q 558.33 502.03 582.01 504.79
  Q 589.81 505.70 604.44 505.96
  C 621.57 506.27 651.56 505.45 672.83 506.10
  C 684.49 506.46 699.67 506.87 713.50 506.50
  C 728.30 506.11 746.72 504.80 764.51 504.66
  Q 784.95 504.49 806.76 503.68
  C 820.55 503.17 836.52 503.71 847.54 503.84
  C 863.79 504.05 883.73 503.23 896.35 503.11
  Q 917.32 502.92 963.17 503.82
  Q 970.31 503.96 994.52 502.63
  C 1011.89 501.68 1030.04 504.38 1041.67 505.49
  C 1053.03 506.57 1063.59 506.76 1074.34 507.16
  C 1080.39 507.38 1089.05 508.07 1088.01 515.71
  Q 1087.54 519.18 1086.29 522.85
  Z"
/>
<g fill="#5aa9f2">
<path d="
  M 1536.00 240.09
  L 1536.00 298.73
  L 1526.62 298.75
  A 3.93 3.77 -52.6 0 0 1525.46 298.93
  C 1523.16 299.63 1520.91 299.28 1518.28 299.61
  Q 1497.94 302.09 1481.23 309.46
  Q 1443.95 325.91 1425.34 362.68
  Q 1418.11 377.63 1415.26 395.94
  Q 1412.96 391.92 1408.97 389.25
  Q 1397.82 381.78 1385.68 378.60
  Q 1373.42 375.39 1360.17 377.16
  Q 1338.87 380.00 1321.68 394.21
  C 1314.21 391.10 1305.35 390.63 1298.76 388.82
  C 1291.69 386.88 1281.99 382.53 1276.11 380.75
  Q 1262.06 376.48 1247.92 380.88
  C 1229.45 386.62 1218.03 391.15 1201.34 390.74
  C 1175.72 390.10 1158.29 390.56 1139.27 384.95
  C 1117.89 378.65 1105.51 374.02 1086.99 374.61
  Q 1073.56 375.04 1055.30 381.13
  Q 1043.73 384.99 1039.92 386.17
  Q 1025.52 390.61 1008.30 389.13
  Q 986.69 387.28 979.53 387.18
  Q 961.03 386.93 938.86 389.50
  Q 930.62 390.45 919.00 390.07
  Q 915.70 389.96 903.27 387.50
  C 890.70 385.02 876.87 384.87 863.40 385.27
  Q 848.54 385.70 838.17 387.26
  Q 816.53 390.53 815.01 390.69
  Q 804.81 391.76 799.24 390.69
  Q 793.26 389.53 787.01 388.00
  C 779.20 386.07 770.57 385.03 762.71 384.40
  Q 740.22 382.59 714.80 382.13
  C 698.88 381.84 688.27 382.62 670.05 383.80
  Q 650.22 385.09 637.31 383.28
  Q 629.47 382.18 609.69 379.38
  C 594.04 377.16 577.98 379.00 567.02 391.61
  Q 561.22 375.80 547.69 364.58
  Q 537.93 356.48 528.68 353.38
  Q 513.98 348.45 499.16 349.76
  A 0.83 0.82 -7.5 0 1 498.27 349.08
  C 494.88 330.65 483.70 314.01 468.23 302.85
  Q 447.54 287.91 420.98 285.82
  Q 411.71 285.09 399.38 287.87
  A 0.51 0.50 81.7 0 1 398.77 287.41
  Q 397.71 270.13 392.05 253.96
  Q 403.40 249.78 416.67 250.61
  C 443.16 252.28 469.22 254.28 494.67 251.97
  C 525.20 249.19 543.83 247.17 565.19 246.38
  Q 574.08 246.05 583.64 246.96
  C 612.70 249.70 641.61 252.49 670.91 250.03
  C 688.91 248.51 705.88 247.81 724.49 248.37
  Q 727.27 248.46 760.64 249.87
  Q 769.73 250.25 792.76 249.03
  Q 810.49 248.08 849.11 245.11
  C 862.54 244.08 877.90 243.69 894.95 243.74
  Q 913.26 243.80 939.40 243.22
  C 954.48 242.89 976.91 245.86 997.77 244.46
  Q 1008.43 243.75 1013.36 243.60
  C 1033.31 242.96 1055.23 248.27 1069.88 261.02
  Q 1082.74 272.21 1086.11 275.05
  Q 1091.22 279.37 1097.47 280.51
  C 1099.84 283.41 1102.32 286.83 1104.91 289.13
  C 1114.06 297.27 1123.40 304.12 1134.76 308.47
  Q 1161.72 318.80 1190.23 311.28
  Q 1196.85 309.53 1202.41 306.76
  Q 1216.70 299.63 1224.19 293.20
  Q 1229.24 288.86 1237.42 278.43
  Q 1242.41 279.31 1246.79 277.85
  Q 1251.60 276.25 1261.16 272.05
  Q 1266.74 269.60 1278.60 266.61
  Q 1291.14 263.45 1303.39 260.70
  C 1311.12 258.96 1320.95 255.33 1327.77 253.80
  Q 1340.46 250.94 1355.61 250.41
  Q 1378.56 249.60 1410.38 249.70
  C 1437.36 249.79 1450.45 249.45 1482.16 248.85
  Q 1490.12 248.69 1502.86 246.55
  Q 1510.94 245.19 1536.00 240.09
  Z"
/>
<path d="
  M 74.75 273.50
  L 67.21 280.22
  Q 58.40 289.29 54.69 301.43
  Q 53.75 304.50 53.25 309.11
  Q 41.30 305.08 30.26 306.01
  Q 18.81 306.98 6.56 311.03
  Q 4.12 311.83 0.00 313.95
  L 0.00 266.23
  Q 37.43 268.72 74.75 273.50
  Z"
/>
</g>
<g fill="#cae7fb">
<path d="
  M 213.48 208.59
  Q 212.92 225.99 217.78 241.98
  Q 222.65 258.04 236.21 268.29
  Q 242.62 273.14 247.88 276.78
  A 8.37 8.23 84.8 0 1 249.05 277.77
  C 256.54 285.40 262.44 296.45 262.70 307.40
  A 0.38 0.38 0.0 0 1 262.06 307.70
  Q 252.71 299.21 240.90 294.60
  Q 227.36 289.31 213.32 289.99
  Q 194.89 290.87 180.55 301.55
  Q 176.52 304.56 170.29 312.32
  A 0.84 0.83 48.1 0 0 170.24 313.30
  Q 171.10 314.62 172.17 315.13
  A 1.07 1.06 46.9 0 0 173.00 315.16
  Q 188.68 309.24 201.54 310.49
  Q 217.07 312.01 229.68 319.36
  Q 232.71 321.13 238.55 325.73
  C 247.27 332.60 254.39 342.10 258.00 352.23
  Q 258.79 354.45 262.93 354.01
  A 0.39 0.39 0.0 0 1 263.18 354.73
  Q 262.67 355.05 261.01 355.00
  A 1.26 1.24 10.3 0 0 259.80 355.83
  C 258.93 358.28 255.83 357.82 253.82 358.44
  Q 242.07 362.04 232.67 370.77
  A 0.15 0.15 0.0 0 0 232.80 371.02
  Q 242.69 368.67 252.70 370.86
  C 260.58 372.58 266.04 373.59 273.88 372.48
  A 4.43 4.28 26.7 0 0 275.17 372.08
  C 281.86 368.74 288.52 367.06 296.06 368.68
  A 0.33 0.33 0.0 0 0 296.34 368.10
  Q 289.28 362.36 281.82 358.98
  A 0.75 0.75 0.0 0 1 281.54 357.83
  C 286.11 352.16 294.00 353.70 299.74 356.78
  A 1.33 1.33 0.0 0 0 301.49 356.32
  Q 318.84 328.90 351.27 324.63
  C 381.42 320.67 410.88 333.51 426.79 359.67
  Q 430.74 366.17 431.78 373.63
  A 0.42 0.42 0.0 0 0 432.35 373.95
  C 437.21 372.00 444.54 376.28 448.72 379.11
  A 1.00 0.98 53.4 0 0 449.53 379.24
  Q 465.49 374.72 481.68 377.26
  C 504.95 380.91 527.02 394.47 536.02 416.69
  Q 538.34 422.42 538.46 427.52
  A 0.60 0.59 1.1 0 0 539.03 428.10
  Q 543.69 428.29 550.12 429.49
  Q 551.96 429.83 553.78 429.31
  Q 556.92 428.40 560.25 428.80
  Q 570.53 430.03 577.13 429.83
  A 8.65 8.10 46.9 0 1 578.81 429.94
  Q 585.14 430.99 589.25 431.05
  Q 610.93 431.38 633.87 433.27
  Q 630.33 437.44 623.94 438.21
  Q 606.40 440.31 593.78 440.61
  Q 589.78 440.70 585.62 441.02
  Q 582.34 441.28 577.41 441.36
  Q 475.07 443.00 363.75 441.38
  Q 317.72 440.71 309.00 440.41
  Q 300.63 440.12 299.01 439.99
  C 296.39 439.77 290.46 440.15 285.25 439.77
  Q 284.27 439.70 250.73 438.79
  Q 238.49 438.46 217.25 436.97
  C 215.22 436.83 212.13 437.04 209.63 436.66
  Q 205.20 435.98 200.83 435.73
  A 0.52 0.52 0.0 0 1 200.64 434.74
  Q 201.69 434.24 202.70 434.09
  Q 231.27 429.91 259.66 421.08
  Q 280.62 414.56 300.99 405.29
  A 0.30 0.30 0.0 0 0 300.86 404.71
  Q 271.85 405.00 267.29 405.11
  C 242.62 405.74 220.86 405.00 191.23 405.21
  Q 180.00 405.29 148.77 405.19
  Q 108.25 405.06 64.17 404.80
  C 54.27 404.74 42.53 404.05 34.50 404.01
  Q 7.20 403.88 0.00 403.68
  L 0.00 341.33
  Q 14.16 334.33 30.25 335.28
  Q 32.16 335.39 41.29 337.21
  A 3.77 3.77 0.0 0 0 42.73 337.21
  Q 46.87 336.41 50.00 336.84
  A 1.02 1.02 0.0 0 0 51.04 336.32
  Q 56.90 325.79 67.39 320.65
  A 0.50 0.50 0.0 0 0 67.41 319.76
  Q 65.84 318.89 61.08 315.19
  Q 59.76 314.17 54.82 312.09
  A 1.95 1.93 -3.4 0 1 53.92 311.30
  Q 53.26 310.14 53.25 309.11
  Q 53.75 304.50 54.69 301.43
  Q 58.40 289.29 67.21 280.22
  Q 70.43 285.05 69.76 290.75
  A 2.31 2.27 -55.5 0 0 69.98 292.00
  C 73.79 299.65 81.92 305.32 86.06 311.18
  A 1.13 1.12 72.8 0 0 86.96 311.66
  Q 99.48 311.95 104.55 312.83
  Q 129.73 317.19 144.84 338.04
  A 0.56 0.55 -37.1 0 0 145.64 338.15
  Q 148.88 335.53 151.74 332.81
  C 161.33 323.69 162.61 309.49 158.03 297.45
  Q 155.70 291.33 155.38 289.57
  Q 163.16 271.74 181.68 267.95
  A 0.33 0.32 88.9 0 0 181.94 267.67
  Q 186.31 232.40 213.48 208.59
  Z"
/>
<path d="
  M 1425.34 362.68
  Q 1434.65 365.98 1441.47 371.81
  C 1445.08 374.90 1447.49 378.60 1450.88 384.23
  Q 1455.10 391.23 1461.19 395.31
  Q 1477.47 406.22 1497.10 408.04
  A 0.67 0.67 0.0 0 1 1497.28 409.33
  Q 1490.05 412.08 1483.29 416.25
  Q 1475.86 420.83 1471.72 428.04
  A 1.25 1.24 24.4 0 1 1470.24 428.59
  Q 1466.89 427.42 1462.30 426.36
  Q 1441.57 421.55 1424.17 432.69
  A 0.41 0.41 0.0 0 1 1423.57 432.20
  Q 1427.40 422.13 1423.86 411.87
  Q 1421.43 404.83 1415.26 395.94
  Q 1418.11 377.63 1425.34 362.68
  Z"
/>
<path d="
  M 1536.00 420.92
  L 1536.00 581.64
  Q 1484.13 582.25 1477.76 582.19
  Q 1437.77 581.80 1430.17 581.60
  Q 1409.78 581.08 1396.27 581.16
  Q 1390.45 581.19 1379.24 580.72
  Q 1365.67 580.15 1362.19 580.17
  Q 1361.25 580.18 1353.72 579.99
  A 0.25 0.24 -6.8 0 1 1353.50 579.82
  L 1353.43 579.54
  A 0.41 0.40 80.6 0 1 1353.79 579.03
  Q 1364.05 578.58 1372.22 577.15
  Q 1392.03 573.66 1414.51 567.22
  Q 1427.35 563.54 1438.68 558.94
  Q 1450.81 554.02 1461.95 548.35
  A 0.28 0.28 0.0 0 0 1461.81 547.82
  C 1451.77 548.47 1441.87 547.75 1430.72 547.77
  Q 1353.68 547.88 1340.50 547.77
  Q 1280.57 547.27 1243.25 547.21
  C 1239.89 547.20 1235.62 546.61 1231.91 546.71
  C 1216.15 547.16 1200.37 546.57 1184.41 546.67
  Q 1180.16 546.70 1173.60 546.21
  Q 1168.90 545.86 1162.75 546.12
  C 1160.83 546.20 1158.08 545.50 1155.96 545.51
  Q 1133.66 545.53 1108.50 544.13
  Q 1095.61 543.41 1087.14 542.11
  Q 1082.32 541.38 1077.62 538.30
  A 0.97 0.95 13.7 0 1 1077.18 537.60
  L 1076.85 534.86
  Q 1083.40 534.13 1089.53 533.62
  C 1093.08 533.33 1097.55 531.82 1100.88 531.21
  Q 1108.41 529.82 1115.88 528.40
  Q 1135.63 524.67 1155.62 527.47
  A 4.65 4.65 0.0 0 0 1158.21 527.09
  Q 1164.10 524.40 1171.76 521.77
  Q 1175.87 520.35 1180.41 520.25
  A 0.33 0.33 0.0 0 0 1180.68 519.75
  Q 1177.80 515.25 1175.48 512.06
  C 1173.85 509.82 1170.40 507.12 1168.58 503.80
  L 1170.84 499.09
  Q 1174.97 497.50 1178.27 497.87
  A 3.21 3.19 33.7 0 0 1180.15 497.50
  Q 1194.64 489.55 1211.01 488.49
  C 1227.27 487.44 1244.74 491.05 1258.67 499.62
  A 1.85 1.78 -29.4 0 0 1259.68 499.88
  C 1264.00 499.68 1267.18 495.85 1271.27 493.98
  Q 1284.65 487.87 1299.16 489.55
  A 0.72 0.72 0.0 0 0 1299.82 488.40
  C 1297.14 484.83 1293.12 482.71 1288.57 479.78
  C 1286.61 478.51 1285.55 476.62 1284.96 474.39
  Q 1283.20 467.71 1285.74 461.84
  C 1289.01 463.25 1291.93 464.84 1295.48 465.31
  A 0.99 0.99 0.0 0 0 1296.59 464.15
  Q 1294.29 451.83 1295.99 439.98
  Q 1305.93 442.41 1315.63 444.33
  Q 1316.54 444.51 1320.41 447.67
  A 1.13 1.13 0.0 0 1 1320.81 448.72
  Q 1320.63 449.86 1320.19 450.58
  A 0.38 0.37 84.9 0 0 1320.76 451.06
  C 1333.14 439.86 1349.71 433.98 1366.49 436.44
  Q 1382.57 438.80 1393.24 450.26
  Q 1395.22 452.38 1397.21 450.65
  A 0.43 0.42 2.0 0 1 1397.79 451.27
  L 1396.45 452.60
  A 2.59 2.56 61.5 0 0 1395.76 454.97
  Q 1396.97 460.54 1397.41 463.40
  C 1397.82 466.11 1397.77 469.92 1397.83 472.22
  A 0.41 0.41 0.0 0 0 1398.53 472.50
  Q 1414.17 456.46 1437.23 453.85
  Q 1453.82 451.97 1469.84 458.42
  Q 1479.85 462.45 1487.99 470.16
  A 0.23 0.23 0.0 0 0 1488.38 469.98
  C 1487.97 461.63 1485.54 453.32 1480.18 447.10
  A 0.63 0.62 52.6 0 1 1480.30 446.18
  C 1480.85 445.79 1481.90 445.68 1482.52 445.08
  Q 1487.12 440.63 1491.64 436.65
  Q 1502.87 426.76 1517.31 422.83
  Q 1526.50 420.32 1536.00 420.92
  Z"
/>
<path d="
  M 25.73 602.17
  Q 31.42 602.65 33.83 603.63
  Q 36.18 604.60 51.60 610.32
  Q 64.45 615.10 74.16 624.47
  Q 78.42 628.58 83.63 634.63
  C 85.60 636.91 87.55 638.71 90.30 640.17
  Q 97.78 644.16 101.45 645.89
  A 3.86 3.65 -25.6 0 0 102.42 646.20
  Q 105.56 646.75 113.76 647.23
  Q 128.30 648.08 141.34 653.84
  Q 163.76 663.75 174.55 685.28
  A 5.54 5.25 -66.7 0 1 174.99 686.48
  Q 175.57 688.85 176.74 690.99
  A 0.29 0.29 0.0 0 1 176.37 691.39
  Q 157.02 682.88 136.04 687.90
  Q 121.17 691.45 110.37 701.93
  A 0.31 0.31 0.0 0 0 110.65 702.46
  C 126.66 699.19 144.95 701.10 158.15 711.60
  Q 170.70 721.58 173.36 737.54
  A 0.29 0.29 0.0 0 0 173.86 737.68
  Q 175.41 735.95 177.47 734.48
  C 196.17 721.02 220.81 717.43 243.21 721.98
  Q 262.34 725.87 275.63 738.27
  A 0.31 0.31 0.0 0 0 276.15 738.08
  Q 277.39 726.52 284.79 718.06
  Q 286.73 715.84 292.91 711.17
  Q 299.60 706.11 308.06 704.50
  A 1.73 1.72 -67.9 0 0 308.67 704.24
  L 309.10 703.92
  A 2.30 2.25 24.2 0 1 310.27 703.49
  Q 319.42 702.70 320.73 702.70
  C 341.09 702.74 358.71 712.28 367.26 731.24
  A 0.64 0.64 0.0 0 0 368.16 731.53
  Q 379.49 725.14 391.06 723.66
  C 410.77 721.13 430.10 725.78 445.49 738.80
  C 448.35 741.22 451.73 745.25 453.96 747.29
  A 4.55 4.49 -9.1 0 0 455.01 748.04
  L 460.22 750.71
  A 0.34 0.33 24.5 0 1 460.38 751.13
  L 457.25 758.93
  A 0.56 0.56 0.0 0 0 458.02 759.65
  Q 461.73 757.82 465.71 760.28
  Q 468.03 761.72 473.70 764.52
  A 2.16 2.14 56.5 0 0 474.71 764.73
  Q 512.37 763.10 544.75 774.33
  Q 547.85 775.40 563.82 782.26
  A 4.03 3.98 -31.4 0 0 565.18 782.58
  Q 568.86 782.77 573.26 781.06
  A 0.36 0.36 0.0 0 1 573.65 781.65
  L 569.02 786.28
  A 1.18 1.17 -42.4 0 0 568.94 787.86
  C 572.16 791.81 590.06 789.32 595.02 788.52
  A 5.62 5.52 41.9 0 1 596.35 788.46
  Q 612.73 789.47 623.20 790.68
  C 636.54 792.23 649.27 792.05 662.48 793.43
  Q 662.08 795.02 661.22 795.81
  Q 659.90 797.03 658.16 797.51
  Q 649.01 800.00 640.47 800.65
  C 628.94 801.52 622.14 802.15 612.16 802.51
  C 590.57 803.28 580.75 803.82 565.92 803.65
  Q 560.60 803.59 552.09 803.86
  Q 541.27 804.20 538.25 804.20
  Q 537.59 804.20 532.31 804.21
  Q 516.40 804.26 509.74 804.60
  Q 497.91 805.21 489.36 804.90
  Q 475.49 804.40 458.58 804.71
  Q 443.50 804.99 427.91 804.57
  Q 413.39 804.17 397.25 803.76
  Q 396.06 803.73 393.27 803.38
  A 0.53 0.51 1.4 0 0 392.68 803.93
  L 392.68 803.97
  A 0.87 0.87 0.0 0 0 393.32 804.74
  Q 427.84 813.76 460.34 826.59
  C 465.36 828.57 469.58 829.78 474.46 831.20
  A 0.88 0.88 0.0 0 1 474.84 832.67
  L 474.62 832.89
  A 0.86 0.79 16.5 0 1 474.15 833.12
  C 462.12 834.52 453.21 834.68 438.69 834.86
  C 437.46 834.88 436.05 835.15 434.51 835.17
  C 414.71 835.55 392.20 834.62 373.75 834.52
  Q 324.81 834.26 264.00 834.23
  Q 251.99 834.23 230.75 833.33
  Q 221.75 832.95 193.75 833.14
  Q 190.53 833.17 186.33 832.81
  Q 186.02 832.78 185.90 832.54
  A 0.70 0.63 73.4 0 1 186.36 831.57
  Q 189.76 831.16 194.58 830.87
  Q 203.47 830.36 214.25 828.49
  Q 246.50 822.91 275.97 811.94
  Q 284.98 808.59 293.06 804.57
  A 0.35 0.35 0.0 0 0 292.89 803.91
  Q 280.80 804.58 262.01 804.63
  C 250.57 804.66 242.05 805.18 228.01 805.26
  Q 220.56 805.30 202.49 805.66
  Q 179.05 806.14 150.50 806.85
  Q 149.11 806.88 147.50 806.93
  Q 132.91 807.31 117.50 807.81
  Q 100.59 808.35 87.49 808.47
  Q 43.70 808.88 32.11 808.98
  C 26.26 809.03 21.20 808.33 15.67 808.60
  Q 13.98 808.68 7.84 808.31
  Q 3.94 808.08 0.00 808.16
  L 0.00 692.09
  Q 10.01 686.07 21.40 683.94
  C 24.17 683.42 26.53 683.46 28.93 683.03
  Q 31.72 682.54 34.60 682.60
  Q 52.41 682.98 67.58 691.03
  C 69.36 691.97 71.06 693.25 73.24 694.92
  A 0.46 0.46 0.0 0 0 73.97 694.45
  L 73.84 693.87
  A 1.14 1.11 25.9 0 0 73.75 693.62
  Q 65.14 678.36 48.46 672.05
  Q 36.23 667.41 21.99 669.45
  Q 9.75 671.20 0.00 678.24
  L 0.00 625.77
  Q 6.70 621.70 14.28 622.05
  A 0.49 0.48 12.5 0 0 14.76 621.75
  Q 17.84 614.35 21.98 607.47
  Q 24.19 603.80 25.73 602.17
  Z"
/>
<path d="
  M 1536.00 765.87
  L 1536.00 898.89
  Q 1514.63 899.35 1493.25 899.57
  Q 1424.45 900.28 1334.34 900.05
  Q 1332.32 900.05 1330.27 900.01
  Q 1286.36 899.24 1259.02 898.13
  A 0.23 0.22 -78.1 0 1 1258.82 897.82
  L 1258.96 897.45
  A 0.16 0.15 -78.3 0 1 1259.10 897.35
  L 1278.72 895.73
  Q 1318.72 890.86 1356.92 878.66
  Q 1365.12 876.04 1372.30 872.87
  A 0.37 0.37 0.0 0 0 1372.14 872.16
  Q 1364.55 872.33 1342.26 872.54
  C 1315.49 872.78 1284.05 873.15 1259.92 873.14
  C 1122.28 873.09 1055.72 873.42 952.83 872.12
  Q 950.45 872.09 948.82 871.90
  C 944.00 871.35 938.98 871.95 934.58 871.72
  C 924.39 871.20 918.28 871.48 903.25 871.23
  Q 901.57 871.20 899.75 871.17
  Q 864.76 870.53 839.97 868.57
  Q 834.62 868.15 828.15 866.60
  Q 825.42 865.95 823.16 864.32
  A 1.71 1.67 -84.0 0 1 822.55 863.55
  Q 821.96 862.11 822.16 861.11
  Q 838.47 860.62 854.00 860.47
  Q 855.78 860.45 868.18 858.86
  Q 871.01 858.49 889.01 859.30
  Q 892.80 859.47 894.99 859.31
  Q 900.36 858.94 920.39 856.44
  A 0.34 0.34 0.0 0 0 920.64 855.93
  Q 916.37 848.96 910.57 843.56
  L 912.00 839.16
  Q 917.67 840.83 922.82 843.45
  C 924.59 844.35 926.16 844.47 927.85 843.63
  Q 949.28 832.90 973.01 831.49
  C 984.82 830.78 997.08 833.18 1008.15 836.48
  A 2.23 2.21 -50.8 0 0 1009.86 836.30
  C 1015.29 833.31 1022.50 829.92 1028.08 834.00
  A 0.40 0.39 28.1 0 0 1028.68 833.82
  Q 1031.70 825.82 1038.19 820.20
  Q 1045.05 814.26 1050.97 811.45
  Q 1070.98 801.95 1093.34 805.93
  Q 1103.99 807.83 1112.15 812.16
  A 0.41 0.41 0.0 0 0 1112.75 811.82
  Q 1113.10 803.85 1110.29 797.94
  Q 1104.15 785.05 1090.90 778.40
  Q 1087.93 776.91 1085.73 775.66
  Q 1084.90 763.37 1088.88 752.46
  Q 1096.08 754.91 1102.94 757.93
  Q 1110.67 761.34 1113.80 761.88
  Q 1118.70 762.72 1125.51 762.74
  A 0.69 0.69 0.0 0 1 1126.07 763.82
  C 1121.76 770.04 1122.83 776.71 1121.83 783.69
  A 0.43 0.43 0.0 0 0 1122.55 784.06
  Q 1141.55 765.60 1168.01 762.51
  Q 1186.06 760.40 1203.63 765.38
  Q 1217.12 769.21 1228.81 777.80
  A 0.57 0.56 24.9 0 0 1229.69 777.48
  C 1233.46 761.79 1247.37 751.35 1262.55 747.92
  Q 1279.79 744.02 1296.51 749.49
  A 1.48 1.47 26.2 0 0 1298.18 748.93
  C 1303.32 741.50 1308.70 736.36 1317.19 732.29
  Q 1329.29 726.51 1340.15 724.90
  Q 1362.99 721.52 1384.51 729.02
  Q 1400.92 734.74 1413.25 747.96
  C 1416.27 751.20 1417.92 753.00 1419.41 756.08
  A 0.94 0.93 59.8 0 1 1419.11 757.24
  Q 1415.28 759.97 1412.96 761.94
  Q 1408.99 765.31 1407.03 769.51
  A 0.79 0.79 0.0 0 1 1406.17 769.95
  Q 1393.13 767.49 1383.78 768.47
  Q 1374.40 769.46 1364.04 772.77
  C 1344.03 779.17 1325.80 793.15 1321.80 814.67
  A 2.29 2.28 86.0 0 1 1320.30 816.40
  L 1305.69 821.35
  A 0.21 0.21 0.0 0 0 1305.55 821.55
  L 1305.53 822.05
  A 0.42 0.41 72.5 0 0 1306.04 822.32
  L 1321.04 818.27
  A 3.11 2.90 41.3 0 1 1322.37 818.23
  L 1323.35 818.42
  A 1.48 1.45 29.5 0 0 1324.58 818.09
  Q 1333.11 810.87 1344.64 803.38
  Q 1350.30 799.70 1356.79 797.06
  C 1380.51 787.41 1407.30 786.50 1431.42 795.31
  A 1.19 1.18 33.2 0 0 1432.64 795.06
  Q 1443.04 785.26 1457.86 788.65
  A 1.15 1.13 -58.3 0 0 1458.88 788.40
  C 1464.03 783.91 1467.54 780.53 1472.62 777.59
  Q 1501.82 760.68 1536.00 765.87
  Z"
/>
</g>
<path fill="#9fb1b7" d="
  M 1237.42 278.43
  Q 1229.24 288.86 1224.19 293.20
  Q 1216.70 299.63 1202.41 306.76
  Q 1196.85 309.53 1190.23 311.28
  Q 1161.72 318.80 1134.76 308.47
  C 1123.40 304.12 1114.06 297.27 1104.91 289.13
  C 1102.32 286.83 1099.84 283.41 1097.47 280.51
  C 1094.73 276.41 1091.61 272.29 1089.57 267.98
  Q 1084.22 256.71 1082.21 246.86
  Q 1076.21 217.33 1088.99 190.81
  Q 1098.96 170.13 1118.24 157.04
  C 1123.71 153.32 1128.69 151.29 1134.98 148.21
  Q 1139.32 146.08 1147.51 144.28
  C 1166.88 140.00 1192.37 142.47 1209.61 153.96
  C 1212.96 156.19 1216.11 157.65 1219.55 160.38
  Q 1233.38 171.33 1240.90 184.61
  Q 1259.49 217.46 1249.48 252.91
  Q 1245.93 265.50 1237.42 278.43
  Z"
/>
<path fill="#96d5fd" d="
  M 1089.55 751.07
  L 1088.88 752.46
  Q 1084.90 763.37 1085.73 775.66
  C 1070.72 770.35 1056.01 771.72 1041.63 778.07
  Q 1034.80 781.10 1030.05 785.49
  C 1024.42 790.70 1019.19 796.70 1017.64 803.92
  A 0.84 0.83 14.8 0 1 1016.57 804.54
  C 1002.97 800.13 988.24 798.34 974.10 800.55
  C 959.12 802.89 945.16 807.10 932.33 815.31
  C 924.10 820.57 915.31 829.14 912.00 839.16
  L 910.57 843.56
  Q 905.02 840.82 899.26 839.74
  Q 891.36 838.27 883.50 838.41
  C 882.21 838.43 880.74 838.98 879.16 839.09
  Q 873.23 839.47 864.63 841.39
  C 852.97 844.00 841.86 847.35 830.99 853.49
  Q 825.97 856.33 822.16 861.11
  Q 821.96 862.11 822.55 863.55
  A 1.71 1.67 -84.0 0 0 823.16 864.32
  Q 825.42 865.95 828.15 866.60
  Q 834.62 868.15 839.97 868.57
  Q 864.76 870.53 899.75 871.17
  Q 901.57 871.20 903.25 871.23
  C 918.28 871.48 924.39 871.20 934.58 871.72
  C 938.98 871.95 944.00 871.35 948.82 871.90
  Q 950.45 872.09 952.83 872.12
  C 1055.72 873.42 1122.28 873.09 1259.92 873.14
  C 1284.05 873.15 1315.49 872.78 1342.26 872.54
  Q 1364.55 872.33 1372.14 872.16
  A 0.37 0.37 0.0 0 1 1372.30 872.87
  Q 1365.12 876.04 1356.92 878.66
  Q 1318.72 890.86 1278.72 895.73
  C 1278.43 888.24 1272.08 887.00 1265.53 887.18
  Q 1233.71 888.07 1205.72 888.72
  C 1189.00 889.11 1177.67 888.78 1161.54 888.30
  C 1132.40 887.43 1103.02 889.49 1074.55 887.53
  Q 1051.61 885.96 1040.37 885.35
  Q 1030.64 884.82 1005.72 885.05
  C 993.74 885.16 980.63 884.86 967.84 884.65
  C 946.76 884.32 922.56 885.84 902.65 885.30
  Q 892.27 885.01 870.65 883.86
  C 852.77 882.91 835.59 883.25 817.32 882.76
  C 799.69 882.29 787.05 880.89 764.44 878.55
  C 750.26 877.08 739.17 877.60 725.85 879.68
  C 701.89 883.43 680.37 883.76 657.38 882.68
  C 641.93 881.94 626.68 879.95 612.85 878.67
  Q 595.72 877.08 575.84 878.20
  Q 534.71 880.49 531.02 880.49
  Q 525.37 880.48 506.84 881.73
  C 486.99 883.07 477.03 884.14 461.79 884.01
  C 436.61 883.79 407.65 882.34 383.02 881.95
  Q 352.04 881.45 298.90 880.13
  C 263.29 879.24 215.89 881.89 192.43 882.34
  C 164.48 882.87 144.82 880.90 114.27 878.61
  Q 80.05 876.05 39.22 876.10
  Q 22.17 876.13 0.00 880.56
  L 0.00 808.16
  Q 3.94 808.08 7.84 808.31
  Q 13.98 808.68 15.67 808.60
  C 21.20 808.33 26.26 809.03 32.11 808.98
  Q 43.70 808.88 87.49 808.47
  Q 100.59 808.35 117.50 807.81
  Q 132.91 807.31 147.50 806.93
  Q 149.11 806.88 150.50 806.85
  Q 179.05 806.14 202.49 805.66
  Q 220.56 805.30 228.01 805.26
  C 242.05 805.18 250.57 804.66 262.01 804.63
  Q 280.80 804.58 292.89 803.91
  A 0.35 0.35 0.0 0 1 293.06 804.57
  Q 284.98 808.59 275.97 811.94
  Q 246.50 822.91 214.25 828.49
  Q 203.47 830.36 194.58 830.87
  Q 189.76 831.16 186.36 831.57
  A 0.70 0.63 73.4 0 0 185.90 832.54
  Q 186.02 832.78 186.33 832.81
  Q 190.53 833.17 193.75 833.14
  Q 221.75 832.95 230.75 833.33
  Q 251.99 834.23 264.00 834.23
  Q 324.81 834.26 373.75 834.52
  C 392.20 834.62 414.71 835.55 434.51 835.17
  C 436.05 835.15 437.46 834.88 438.69 834.86
  C 453.21 834.68 462.12 834.52 474.15 833.12
  A 0.86 0.79 16.5 0 0 474.62 832.89
  L 474.84 832.67
  A 0.88 0.88 0.0 0 0 474.46 831.20
  C 469.58 829.78 465.36 828.57 460.34 826.59
  Q 427.84 813.76 393.32 804.74
  A 0.87 0.87 0.0 0 1 392.68 803.97
  L 392.68 803.93
  A 0.53 0.51 1.4 0 1 393.27 803.38
  Q 396.06 803.73 397.25 803.76
  Q 413.39 804.17 427.91 804.57
  Q 443.50 804.99 458.58 804.71
  Q 475.49 804.40 489.36 804.90
  Q 497.91 805.21 509.74 804.60
  Q 516.40 804.26 532.31 804.21
  Q 537.59 804.20 538.25 804.20
  Q 541.27 804.20 552.09 803.86
  Q 560.60 803.59 565.92 803.65
  C 580.75 803.82 590.57 803.28 612.16 802.51
  C 622.14 802.15 628.94 801.52 640.47 800.65
  Q 649.01 800.00 658.16 797.51
  Q 659.90 797.03 661.22 795.81
  Q 662.08 795.02 662.48 793.43
  Q 658.98 785.35 652.14 780.10
  Q 640.57 771.22 626.27 767.98
  C 610.51 764.41 593.06 764.82 579.51 774.29
  A 0.38 0.37 54.4 0 1 578.99 774.20
  C 570.39 762.59 557.06 753.40 544.04 747.64
  Q 553.70 737.27 567.77 735.35
  C 579.64 733.72 588.64 734.75 603.85 735.50
  C 618.76 736.23 636.15 734.39 651.19 733.78
  C 667.58 733.11 689.76 734.39 705.55 733.68
  Q 718.60 733.09 743.57 730.86
  C 754.69 729.87 766.60 730.22 779.66 731.32
  Q 812.47 734.09 821.49 734.39
  C 858.85 735.66 881.81 736.56 919.42 738.62
  C 941.75 739.85 961.83 739.67 984.07 740.80
  C 998.57 741.54 1012.41 741.37 1024.99 739.66
  C 1038.88 737.76 1051.06 735.76 1063.14 736.77
  C 1074.46 737.71 1081.94 742.95 1089.55 751.07
  Z"
/>
<path fill="#499bef" d="
  M 1536.00 133.09
  L 1536.00 240.09
  Q 1510.94 245.19 1502.86 246.55
  Q 1490.12 248.69 1482.16 248.85
  C 1450.45 249.45 1437.36 249.79 1410.38 249.70
  Q 1378.56 249.60 1355.61 250.41
  Q 1340.46 250.94 1327.77 253.80
  C 1320.95 255.33 1311.12 258.96 1303.39 260.70
  Q 1291.14 263.45 1278.60 266.61
  Q 1266.74 269.60 1261.16 272.05
  Q 1251.60 276.25 1246.79 277.85
  Q 1242.41 279.31 1237.42 278.43
  Q 1245.93 265.50 1249.48 252.91
  Q 1259.49 217.46 1240.90 184.61
  Q 1233.38 171.33 1219.55 160.38
  C 1216.11 157.65 1212.96 156.19 1209.61 153.96
  C 1192.37 142.47 1166.88 140.00 1147.51 144.28
  Q 1139.32 146.08 1134.98 148.21
  C 1128.69 151.29 1123.71 153.32 1118.24 157.04
  Q 1098.96 170.13 1088.99 190.81
  Q 1076.21 217.33 1082.21 246.86
  Q 1084.22 256.71 1089.57 267.98
  C 1091.61 272.29 1094.73 276.41 1097.47 280.51
  Q 1091.22 279.37 1086.11 275.05
  Q 1082.74 272.21 1069.88 261.02
  C 1055.23 248.27 1033.31 242.96 1013.36 243.60
  Q 1008.43 243.75 997.77 244.46
  C 976.91 245.86 954.48 242.89 939.40 243.22
  Q 913.26 243.80 894.95 243.74
  C 877.90 243.69 862.54 244.08 849.11 245.11
  Q 810.49 248.08 792.76 249.03
  Q 769.73 250.25 760.64 249.87
  Q 727.27 248.46 724.49 248.37
  C 705.88 247.81 688.91 248.51 670.91 250.03
  C 641.61 252.49 612.70 249.70 583.64 246.96
  Q 574.08 246.05 565.19 246.38
  C 543.83 247.17 525.20 249.19 494.67 251.97
  C 469.22 254.28 443.16 252.28 416.67 250.61
  Q 403.40 249.78 392.05 253.96
  Q 380.00 222.22 352.57 202.66
  Q 322.54 181.24 285.67 181.05
  C 270.97 180.97 256.60 184.27 243.11 189.87
  Q 226.22 196.90 213.48 208.59
  Q 186.31 232.40 181.94 267.67
  A 0.33 0.32 88.9 0 1 181.68 267.95
  Q 163.16 271.74 155.38 289.57
  Q 152.59 285.06 151.43 283.58
  Q 142.95 272.83 131.39 267.82
  Q 107.57 257.50 83.24 268.28
  Q 79.05 270.14 74.75 273.50
  Q 37.43 268.72 0.00 266.23
  L 0.00 131.17
  C 8.81 138.15 17.73 139.44 29.25 140.07
  C 55.27 141.50 74.14 142.88 96.76 141.38
  Q 100.43 141.14 128.72 138.89
  Q 139.60 138.03 153.74 139.07
  Q 193.74 142.00 230.01 139.73
  Q 244.79 138.80 260.08 137.85
  C 273.17 137.04 284.70 136.86 297.23 136.76
  C 316.45 136.59 333.42 135.21 351.02 136.32
  C 363.57 137.12 374.10 137.89 386.68 137.71
  C 395.10 137.59 412.99 136.24 428.82 136.86
  C 442.35 137.38 458.49 139.51 466.98 139.75
  C 503.44 140.80 520.09 141.93 546.48 139.94
  C 586.05 136.96 606.09 134.89 637.73 135.69
  Q 661.79 136.29 690.72 136.57
  Q 696.46 136.62 728.37 138.90
  Q 735.58 139.42 749.24 139.30
  Q 758.86 139.21 787.62 137.79
  Q 803.42 137.01 834.05 137.01
  C 849.08 137.00 866.38 136.05 889.11 134.79
  Q 913.68 133.42 922.01 133.58
  C 942.03 133.97 954.54 134.48 971.17 133.02
  C 989.05 131.46 997.04 130.59 1012.20 130.37
  Q 1035.16 130.02 1070.75 128.89
  C 1087.51 128.35 1110.31 131.76 1124.12 132.49
  Q 1124.88 132.53 1143.18 133.03
  C 1150.40 133.23 1159.16 133.91 1165.49 134.37
  C 1175.20 135.06 1186.56 133.67 1197.02 133.11
  C 1210.58 132.38 1225.50 135.50 1238.17 136.23
  Q 1246.59 136.71 1256.88 135.91
  Q 1265.46 135.24 1291.21 132.28
  Q 1305.49 130.64 1322.80 130.44
  Q 1370.63 129.89 1404.74 132.37
  Q 1414.01 133.05 1435.57 133.45
  C 1455.97 133.83 1482.76 133.71 1506.40 134.52
  Q 1515.16 134.82 1536.00 133.09
  Z"
/>
<path fill="#65b2f5" d="
  M 1321.68 394.21
  Q 1301.31 412.86 1295.99 439.98
  Q 1294.29 451.83 1296.59 464.15
  A 0.99 0.99 0.0 0 1 1295.48 465.31
  C 1291.93 464.84 1289.01 463.25 1285.74 461.84
  Q 1255.34 446.71 1222.24 455.64
  Q 1205.97 460.04 1195.63 467.62
  C 1184.22 475.98 1175.60 485.62 1170.84 499.09
  L 1168.58 503.80
  Q 1163.21 501.19 1157.50 500.44
  C 1141.98 498.37 1125.92 501.69 1111.74 508.00
  Q 1096.61 514.72 1086.29 522.85
  Q 1087.54 519.18 1088.01 515.71
  C 1089.05 508.07 1080.39 507.38 1074.34 507.16
  C 1063.59 506.76 1053.03 506.57 1041.67 505.49
  C 1030.04 504.38 1011.89 501.68 994.52 502.63
  Q 970.31 503.96 963.17 503.82
  Q 917.32 502.92 896.35 503.11
  C 883.73 503.23 863.79 504.05 847.54 503.84
  C 836.52 503.71 820.55 503.17 806.76 503.68
  Q 784.95 504.49 764.51 504.66
  C 746.72 504.80 728.30 506.11 713.50 506.50
  C 699.67 506.87 684.49 506.46 672.83 506.10
  C 651.56 505.45 621.57 506.27 604.44 505.96
  Q 589.81 505.70 582.01 504.79
  Q 558.33 502.03 556.24 501.84
  C 541.63 500.44 528.34 500.57 514.60 501.32
  C 494.23 502.44 474.42 501.78 455.57 503.82
  C 436.04 505.93 425.37 507.25 410.46 506.40
  Q 386.98 505.06 366.62 504.82
  C 355.74 504.69 344.20 504.01 334.86 502.73
  C 316.31 500.18 301.51 498.63 284.83 499.51
  Q 267.69 500.41 247.31 503.60
  C 219.89 507.88 191.73 514.07 163.26 513.89
  Q 133.74 513.70 112.34 513.75
  Q 89.76 513.80 75.27 515.09
  Q 54.85 516.91 44.35 517.71
  C 29.13 518.87 14.79 517.23 0.00 516.95
  L 0.00 403.68
  Q 7.20 403.88 34.50 404.01
  C 42.53 404.05 54.27 404.74 64.17 404.80
  Q 108.25 405.06 148.77 405.19
  Q 180.00 405.29 191.23 405.21
  C 220.86 405.00 242.62 405.74 267.29 405.11
  Q 271.85 405.00 300.86 404.71
  A 0.30 0.30 0.0 0 1 300.99 405.29
  Q 280.62 414.56 259.66 421.08
  Q 231.27 429.91 202.70 434.09
  Q 201.69 434.24 200.64 434.74
  A 0.52 0.52 0.0 0 0 200.83 435.73
  Q 205.20 435.98 209.63 436.66
  C 212.13 437.04 215.22 436.83 217.25 436.97
  Q 238.49 438.46 250.73 438.79
  Q 284.27 439.70 285.25 439.77
  C 290.46 440.15 296.39 439.77 299.01 439.99
  Q 300.63 440.12 309.00 440.41
  Q 317.72 440.71 363.75 441.38
  Q 475.07 443.00 577.41 441.36
  Q 582.34 441.28 585.62 441.02
  Q 589.78 440.70 593.78 440.61
  Q 606.40 440.31 623.94 438.21
  Q 630.33 437.44 633.87 433.27
  Q 632.33 429.20 627.69 425.83
  C 612.27 414.64 589.51 405.35 570.52 410.85
  A 0.44 0.44 0.0 0 1 569.96 410.40
  Q 570.58 400.65 567.02 391.61
  C 577.98 379.00 594.04 377.16 609.69 379.38
  Q 629.47 382.18 637.31 383.28
  Q 650.22 385.09 670.05 383.80
  C 688.27 382.62 698.88 381.84 714.80 382.13
  Q 740.22 382.59 762.71 384.40
  C 770.57 385.03 779.20 386.07 787.01 388.00
  Q 793.26 389.53 799.24 390.69
  Q 804.81 391.76 815.01 390.69
  Q 816.53 390.53 838.17 387.26
  Q 848.54 385.70 863.40 385.27
  C 876.87 384.87 890.70 385.02 903.27 387.50
  Q 915.70 389.96 919.00 390.07
  Q 930.62 390.45 938.86 389.50
  Q 961.03 386.93 979.53 387.18
  Q 986.69 387.28 1008.30 389.13
  Q 1025.52 390.61 1039.92 386.17
  Q 1043.73 384.99 1055.30 381.13
  Q 1073.56 375.04 1086.99 374.61
  C 1105.51 374.02 1117.89 378.65 1139.27 384.95
  C 1158.29 390.56 1175.72 390.10 1201.34 390.74
  C 1218.03 391.15 1229.45 386.62 1247.92 380.88
  Q 1262.06 376.48 1276.11 380.75
  C 1281.99 382.53 1291.69 386.88 1298.76 388.82
  C 1305.35 390.63 1314.21 391.10 1321.68 394.21
  Z"
/>
<g fill="#fefefe">
<path d="
  M 360.12 368.73
  L 360.10 368.45
  A 0.60 0.60 0.0 0 1 360.54 367.82
  L 368.68 365.62
  A 1.05 1.04 -89.8 0 1 369.96 366.91
  L 369.84 367.31
  A 1.57 1.56 -84.7 0 1 368.46 368.46
  L 360.60 369.13
  A 0.44 0.44 0.0 0 1 360.12 368.73
  Z"
/>
<path d="
  M 374.65 395.15
  A 0.23 0.23 0.0 0 1 374.47 394.75
  C 380.49 389.79 388.80 384.33 396.19 382.87
  C 408.69 380.40 421.69 382.06 431.78 390.11
  A 0.88 0.88 0.0 0 1 431.62 391.59
  Q 426.74 393.94 421.00 397.35
  C 417.45 399.46 414.57 400.22 410.81 400.38
  C 406.22 400.57 399.93 397.79 395.83 396.70
  Q 384.94 393.81 374.65 395.15
  Z"
/>
</g>
<path fill="#feed75" d="
  M 1155.89 299.85
  Q 1147.79 298.60 1142.49 296.70
  C 1141.22 296.24 1139.87 296.36 1138.25 295.78
  Q 1134.30 294.37 1130.56 291.94
  Q 1119.52 284.77 1113.64 278.59
  Q 1110.34 275.13 1109.51 274.47
  A 2.31 2.21 -88.8 0 1 1109.06 273.98
  Q 1106.67 270.42 1102.84 264.73
  Q 1100.79 261.69 1099.64 259.02
  Q 1098.48 256.30 1097.46 252.81
  Q 1096.70 250.17 1096.46 249.12
  Q 1092.68 232.25 1093.96 219.22
  Q 1094.23 216.50 1097.87 203.69
  Q 1098.02 203.17 1098.73 202.38
  A 2.68 2.60 -14.3 0 0 1099.21 201.60
  Q 1106.31 184.27 1120.72 172.30
  Q 1123.17 170.27 1125.05 169.09
  Q 1127.88 167.33 1128.91 166.25
  A 2.85 2.83 10.2 0 1 1129.87 165.59
  Q 1131.68 164.84 1134.73 162.98
  C 1137.48 161.30 1140.59 160.15 1143.07 159.20
  A 28.66 28.36 -60.2 0 1 1148.24 157.77
  C 1153.08 156.91 1157.34 155.44 1161.82 155.41
  C 1176.45 155.32 1188.47 157.54 1201.73 164.34
  C 1214.59 170.94 1226.06 183.52 1232.22 195.55
  Q 1235.89 202.71 1238.31 213.92
  C 1238.87 216.51 1238.20 219.28 1238.85 221.72
  Q 1239.13 222.76 1239.23 224.84
  Q 1239.60 232.20 1238.25 241.05
  Q 1237.42 246.43 1235.47 251.06
  Q 1231.44 260.59 1231.38 260.66
  Q 1231.27 260.78 1225.35 271.86
  C 1222.71 276.79 1218.28 280.44 1213.09 285.02
  C 1204.31 292.77 1192.73 298.21 1182.22 299.73
  Q 1168.25 301.75 1155.89 299.85
  Z"
/>
<g fill="#cae7fb">
<path d="
  M 1093.29 559.22
  Q 1088.49 560.71 1083.24 561.19
  Q 1064.77 562.90 1054.22 562.83
  Q 1047.36 562.79 1032.50 562.69
  Q 1022.09 562.62 1008.53 560.89
  Q 1005.79 560.54 1003.50 559.38
  A 0.55 0.54 30.4 0 1 1003.29 558.58
  C 1005.70 555.09 1014.41 552.59 1018.67 551.46
  Q 1020.39 551.00 1034.96 547.17
  Q 1053.49 542.29 1070.82 549.58
  Q 1074.54 551.15 1079.51 553.83
  Q 1081.91 555.13 1083.75 555.51
  Q 1087.56 556.31 1093.31 558.29
  A 0.49 0.49 0.0 0 1 1093.29 559.22
  Z"
/>
<path d="
  M 1484.49 750.33
  Q 1483.52 751.12 1481.86 752.12
  Q 1477.01 755.03 1473.36 759.54
  A 1.36 1.36 0.0 0 1 1471.58 759.84
  Q 1454.84 749.29 1435.03 752.60
  A 0.56 0.55 -73.0 0 1 1434.54 751.67
  Q 1435.02 751.16 1435.92 750.69
  Q 1454.14 741.02 1474.12 746.69
  Q 1479.27 748.15 1484.41 749.90
  A 0.25 0.25 0.0 0 1 1484.49 750.33
  Z"
/>
</g>
<path fill="#e2f4fd" d="
  M 501.36 952.13
  A 0.26 0.26 0.0 0 1 501.12 951.77
  L 501.32 951.27
  A 0.19 0.17 8.9 0 1 501.49 951.16
  Q 507.49 951.00 509.68 950.13
  Q 521.32 945.50 534.30 945.14
  A 1.71 1.69 -69.7 0 0 535.52 944.57
  Q 539.72 939.86 547.62 937.15
  Q 567.74 930.26 588.98 933.22
  Q 599.19 934.65 606.87 939.89
  A 0.80 0.79 -46.7 0 0 607.81 939.86
  C 609.65 938.41 610.74 938.03 611.49 935.61
  C 614.01 927.49 629.20 925.26 635.88 925.48
  A 0.91 0.91 0.0 0 0 636.68 925.06
  Q 642.86 915.48 649.91 910.59
  C 659.09 904.23 669.41 901.04 680.27 898.57
  C 700.75 893.90 725.81 896.03 743.21 908.52
  Q 750.38 913.67 754.25 922.08
  C 754.86 923.41 754.88 924.65 755.38 925.69
  A 0.68 0.68 0.0 0 0 756.29 926.00
  Q 766.50 921.12 780.25 921.44
  C 791.87 921.71 807.95 924.67 816.22 933.26
  Q 817.67 934.77 818.62 935.70
  A 1.40 1.37 -23.8 0 0 819.66 936.09
  Q 832.10 935.40 841.18 942.95
  A 1.28 1.24 -33.8 0 0 842.38 943.17
  Q 849.69 940.77 857.24 941.29
  Q 868.84 942.09 879.43 946.27
  Q 882.45 947.47 884.28 949.19
  A 1.18 1.18 0.0 0 1 883.61 951.22
  Q 870.81 952.71 853.25 952.75
  Q 819.09 952.84 725.75 953.22
  Q 604.40 953.72 563.50 953.36
  Q 535.92 953.12 515.88 952.88
  C 510.78 952.82 504.89 952.16 501.36 952.13
  Z"
/>
</svg>
